# true_pCC,AC,PCC,PAC,EM,HDX-8b,CDFX-100b-L1,CDFX-100b-L2,HDy-8b,PDFy-8b-tipsoe,CDFy-100b-L1,CDFy-100b-L2,MMy-100,SORDy,DeBias,FriedmanME-L1,EDX,EDy,CvMy,QUANTy-L1,QUANTy-L2,REGX,REGy,PWKQuantifier
0.13333,0.10055,0.09758,0.04037,0.04732,0.03377,0.01637,0.00568,0.11218,0.07924,0.07096,0.07096,0.07096,0.04056,0.05867,0.07505,0.01511,0.04206,0.01441,0.06517,0.06027,0.09355,0.13153,0.10108
0.02222,0.02222,0.01893,0.01468,0.01870,0.05455,0.04691,0.04285,0.06574,0.04790,0.01092,0.01092,0.01092,0.01430,0.01844,0.02222,0.04087,0.01582,0.02706,0.00835,0.00977,0.09231,0.07439,0.04373
0.02222,0.01566,0.02413,0.01172,0.02019,0.03331,0.12862,0.09705,0.06460,0.04542,0.00264,0.00264,0.00264,0.00943,0.01772,0.00984,0.10903,0.01127,0.01250,0.01885,0.01041,0.09089,0.06579,0.01290
0.00000,0.02295,0.00004,0.02883,0.00817,0.05761,0.04783,0.04736,0.04105,0.03137,0.02295,0.02295,0.02295,0.02893,0.02351,0.02295,0.04393,0.02974,0.00331,0.02637,0.02669,0.03371,0.03547,0.04158
0.02222,0.00729,0.02340,0.02151,0.01277,0.01394,0.07407,0.04657,0.05582,0.03432,0.02593,0.02592,0.02593,0.02157,0.00658,0.00729,0.04507,0.01924,0.03620,0.01480,0.01540,0.00873,0.00970,0.01792
0.02222,0.04189,0.01500,0.03766,0.02153,0.04523,0.05556,0.10115,0.06621,0.05367,0.03578,0.03578,0.03578,0.03781,0.03402,0.04189,0.10117,0.03906,0.06185,0.03020,0.03124,0.06648,0.06607,0.06093
0.08889,0.03971,0.07138,0.00514,0.01350,0.03675,0.04373,0.04138,0.07088,0.04297,0.01111,0.01111,0.01111,0.00568,0.01847,0.01129,0.05401,0.00390,0.02106,0.00174,0.00194,0.04749,0.04761,0.01720
0.00000,0.03279,0.00027,0.04232,0.00566,0.02049,0.08715,0.10488,0.04013,0.03338,0.03279,0.03278,0.03279,0.04175,0.03320,0.03279,0.11014,0.04318,0.07400,0.02619,0.03195,0.01160,0.00867,0.05018
0.00000,0.03279,0.00187,0.04039,0.00642,0.03408,0.09179,0.08745,0.04013,0.03338,0.03279,0.03278,0.03279,0.04055,0.03136,0.03279,0.09371,0.04142,0.01168,0.02684,0.03195,0.01830,0.00867,0.05018
0.15556,0.10310,0.11798,0.03266,0.01789,0.01390,0.03300,0.01470,0.07563,0.04099,0.04751,0.04751,0.04751,0.02971,0.05869,0.00109,0.00095,0.03207,0.02156,0.06408,0.05025,0.07588,0.12068,0.03082
0.08889,0.02659,0.07222,0.02261,0.01537,0.02420,0.04609,0.00613,0.04729,0.02171,0.00370,0.00371,0.00370,0.02204,0.00604,0.00109,0.01860,0.01990,0.00791,0.00836,0.01084,0.04364,0.04475,0.03082
0.17778,0.12204,0.13391,0.04267,0.01541,0.01503,0.02415,0.01820,0.06512,0.02899,0.06513,0.06514,0.06513,0.03938,0.07033,0.02004,0.01349,0.04196,0.03485,0.02429,0.02859,0.09495,0.14385,0.05018
0.00000,0.01639,0.00147,0.02131,0.00755,0.04060,0.05691,0.06277,0.04172,0.02977,0.01639,0.01639,0.01639,0.02085,0.01844,0.01639,0.07040,0.02219,0.01816,0.01239,0.01455,0.04716,0.04667,0.03584
0.06667,0.01530,0.06204,0.04444,0.00387,0.01170,0.01458,0.04444,0.00527,0.01366,0.04444,0.04444,0.04444,0.04444,0.02243,0.01530,0.04444,0.04444,0.04109,0.04156,0.04339,0.05882,0.06003,0.01649
0.08889,0.05610,0.06196,0.00658,0.02880,0.02950,0.05926,0.01225,0.09282,0.06497,0.02651,0.02963,0.02651,0.00856,0.02438,0.00510,0.00331,0.01038,0.02035,0.01885,0.01741,0.00976,0.07938,0.03154
0.04444,0.02805,0.03593,0.00749,0.02351,0.01130,0.01481,0.03087,0.07869,0.05688,0.01243,0.01243,0.01243,0.00799,0.01789,0.02805,0.04173,0.00906,0.02378,0.00459,0.00564,0.07083,0.07081,0.05161
0.02222,0.02222,0.00904,0.02222,0.02222,0.01895,0.00721,0.00144,0.02221,0.02222,0.02222,0.02222,0.02222,0.02222,0.02222,0.02222,0.00041,0.02222,0.01591,0.02222,0.02222,0.04242,0.03458,0.02222
0.00000,0.03934,0.00411,0.04692,0.00075,0.03694,0.06667,0.06667,0.03825,0.03447,0.03934,0.03934,0.03934,0.04664,0.03548,0.03934,0.06667,0.04815,0.06667,0.04113,0.04161,0.00074,0.01500,0.05591
0.02222,0.05501,0.01287,0.05356,0.03483,0.07473,0.03128,0.02486,0.06340,0.05620,0.05235,0.05235,0.05235,0.05358,0.04497,0.05501,0.03340,0.05381,0.03308,0.04608,0.05014,0.03068,0.03233,0.07240
0.13333,0.08087,0.09927,0.01468,0.02814,0.05072,0.01192,0.02723,0.07415,0.04161,0.02529,0.03678,0.02529,0.01434,0.04051,0.00437,0.03729,0.01661,0.01233,0.04150,0.03223,0.04406,0.09534,0.03369
0.08889,0.03643,0.07584,0.00437,0.02265,0.01271,0.09171,0.05775,0.06553,0.03800,0.00741,0.00741,0.00741,0.00827,0.02026,0.06557,0.06004,0.00500,0.04453,0.00250,0.00363,0.03465,0.04472,0.03584
0.17778,0.11876,0.13560,0.04009,0.01715,0.01810,0.00702,0.02663,0.05396,0.01890,0.06054,0.06054,0.06054,0.03740,0.06892,0.01676,0.03561,0.03965,0.04385,0.04493,0.04497,0.09117,0.14311,0.04731
0.00000,0.03607,0.00018,0.04748,0.01415,0.02275,0.00392,0.00288,0.03928,0.03395,0.03607,0.03606,0.03607,0.04642,0.03707,0.03607,0.00593,0.04761,0.04396,0.03821,0.03933,0.00930,0.00263,0.05305
0.00000,0.00328,0.00271,0.00433,0.00386,0.00160,0.05185,0.04929,0.04046,0.02596,0.00328,0.00328,0.00328,0.00430,0.00647,0.00328,0.05381,0.00575,0.00711,0.00236,0.00252,0.07144,0.05146,0.02437
0.00000,0.02623,0.00127,0.03187,0.00514,0.00282,0.04074,0.05053,0.03956,0.03209,0.02623,0.02623,0.02623,0.03197,0.02535,0.02623,0.05808,0.03321,0.03123,0.03281,0.03253,0.03929,0.02780,0.04444
0.13333,0.08415,0.09924,0.01928,0.02257,0.00399,0.01705,0.02337,0.08159,0.04852,0.02989,0.02989,0.02989,0.01826,0.04384,0.01785,0.03323,0.02044,0.00127,0.03991,0.03563,0.04159,0.09856,0.01147
0.08889,0.09872,0.05711,0.06080,0.06283,0.00718,0.09790,0.05001,0.12320,0.10483,0.06820,0.07778,0.06820,0.06083,0.06237,0.02222,0.05156,0.06160,0.01998,0.06433,0.06412,0.13476,0.15129,0.04373
0.17778,0.14171,0.12744,0.06258,0.04871,0.04372,0.00875,0.01675,0.11964,0.08111,0.09272,0.09272,0.09272,0.06057,0.08299,0.01421,0.02781,0.06253,0.03628,0.03490,0.04126,0.07610,0.17528,0.04229
0.15556,0.14244,0.10949,0.07786,0.07470,0.00565,0.01893,0.00022,0.15114,0.11959,0.10268,0.10268,0.10268,0.07595,0.08914,0.06594,0.00308,0.07761,0.01396,0.10517,0.09939,0.15755,0.20811,0.09032
0.06667,0.03388,0.05431,0.00197,0.02665,0.01584,0.03889,0.01331,0.08129,0.05596,0.00838,0.01023,0.00838,0.00156,0.01894,0.00838,0.01031,0.00355,0.00764,0.00010,0.00121,0.04928,0.05332,0.03441
0.08889,0.06594,0.06931,0.02933,0.03922,0.00163,0.03333,0.00264,0.10284,0.07618,0.04074,0.04074,0.04074,0.02623,0.04290,0.01056,0.00415,0.02848,0.02206,0.02397,0.02453,0.08625,0.10587,0.01505
0.11111,0.07505,0.08229,0.02190,0.04038,0.00742,0.05731,0.01659,0.09832,0.06786,0.02605,0.04815,0.02605,0.02189,0.04108,0.02404,0.00708,0.02390,0.03510,0.04008,0.03381,0.05530,0.09723,0.05090
0.08889,0.03315,0.07727,0.00727,0.00630,0.00874,0.01030,0.01352,0.05974,0.03281,0.00370,0.00370,0.00370,0.01181,0.01854,0.04335,0.01758,0.00869,0.01303,0.02355,0.00654,0.02702,0.04325,0.01362
0.17778,0.14827,0.11916,0.06181,0.05310,0.05161,0.06032,0.02761,0.13401,0.09600,0.10192,0.10191,0.10192,0.06301,0.08015,0.00474,0.02006,0.06444,0.01641,0.10403,0.09751,0.08568,0.19252,0.02294
0.02222,0.02878,0.01442,0.01848,0.01634,0.01540,0.00000,0.01672,0.06631,0.05010,0.01921,0.01921,0.01921,0.02043,0.01995,0.02878,0.01799,0.02103,0.00485,0.02174,0.02131,0.09240,0.07753,0.04946
0.02222,0.02222,0.02236,0.01882,0.02236,0.00493,0.06455,0.08632,0.06574,0.04790,0.01092,0.01092,0.01092,0.01733,0.02238,0.02222,0.08183,0.01904,0.06234,0.00866,0.01057,0.08097,0.07439,0.04373
0.02222,0.06157,0.01218,0.06197,0.02959,0.05914,0.08889,0.08889,0.06196,0.05708,0.06064,0.06064,0.06064,0.06093,0.05088,0.03607,0.08889,0.06237,0.05700,0.05539,0.05616,0.00781,0.00839,0.05305
0.08889,0.08233,0.05840,0.03925,0.04836,0.07592,0.12628,0.07992,0.11548,0.09206,0.05926,0.05926,0.05926,0.03965,0.04710,0.01967,0.08545,0.04138,0.04069,0.04646,0.04569,0.08349,0.14282,0.00430
0.08889,0.08889,0.06298,0.05402,0.05890,0.05486,0.08215,0.09188,0.11934,0.09752,0.06667,0.06666,0.06667,0.05278,0.05907,0.03789,0.09569,0.05435,0.03064,0.06402,0.06053,0.12415,0.15045,0.06022
0.02222,0.01384,0.02004,0.03480,0.00645,0.03746,0.02290,0.04364,0.05167,0.03040,0.03333,0.03333,0.03333,0.03242,0.01715,0.01384,0.05332,0.03077,0.04365,0.03415,0.03307,0.02474,0.00669,0.01219
0.02222,0.03534,0.01571,0.02927,0.02312,0.00385,0.02626,0.02302,0.06636,0.05202,0.02750,0.02750,0.02750,0.02877,0.02813,0.00984,0.02560,0.02974,0.03049,0.02896,0.02896,0.06803,0.07476,0.03011
0.04444,0.02769,0.04262,0.06298,0.00709,0.04394,0.03906,0.07541,0.02222,0.00445,0.05800,0.05800,0.05800,0.06212,0.03138,0.05319,0.09597,0.05968,0.05472,0.06187,0.05894,0.00608,0.00975,0.02222
0.11111,0.08816,0.08378,0.04218,0.05014,0.01693,0.01935,0.00065,0.11524,0.08615,0.05863,0.06296,0.05863,0.03919,0.05620,0.01166,0.00623,0.04176,0.03749,0.03613,0.03710,0.09065,0.13199,0.03728
0.15556,0.08670,0.11651,0.00779,0.00829,0.02351,0.00240,0.03646,0.02399,0.00524,0.02452,0.02452,0.02452,0.00711,0.04025,0.01530,0.04444,0.00955,0.00348,0.04196,0.03007,0.08918,0.12537,0.01649
0.08889,0.03971,0.07289,0.00332,0.02251,0.07558,0.05589,0.06587,0.07088,0.04297,0.01111,0.01111,0.01111,0.00432,0.02021,0.01421,0.08283,0.00210,0.00047,0.00014,0.00012,0.03100,0.04761,0.04229
0.00000,0.04262,0.00316,0.04444,0.01137,0.01566,0.04444,0.04444,0.03694,0.03494,0.04262,0.04262,0.04262,0.04444,0.03993,0.04262,0.04444,0.04444,0.04444,0.04444,0.04444,0.02506,0.02834,0.04444
0.02222,0.04189,0.01700,0.04007,0.02495,0.04078,0.11111,0.15658,0.06621,0.05367,0.03578,0.03578,0.03578,0.03891,0.03632,0.01639,0.16558,0.04061,0.12257,0.03158,0.03278,0.06186,0.06607,0.03584
0.02222,0.03534,0.01656,0.03029,0.02225,0.05436,0.13086,0.12128,0.06636,0.05202,0.02750,0.02750,0.02750,0.03032,0.02911,0.03534,0.12148,0.03138,0.00616,0.02896,0.02896,0.05330,0.07476,0.05520
0.04444,0.05428,0.03173,0.03939,0.03649,0.05627,0.08889,0.08282,0.08631,0.07018,0.03607,0.03607,0.03607,0.03955,0.03987,0.02878,0.08334,0.04039,0.01072,0.04213,0.04166,0.05391,0.10171,0.04946
0.13333,0.11366,0.09109,0.05101,0.05430,0.01473,0.02290,0.02155,0.13090,0.10000,0.07126,0.07127,0.07126,0.05160,0.06461,0.01166,0.02716,0.05249,0.02022,0.03616,0.04035,0.11014,0.16673,0.03728
0.02222,0.06308,0.05242,0.06065,0.00294,0.02831,0.02667,0.00893,0.01501,0.02063,0.05608,0.05609,0.05608,0.06413,0.03677,0.06667,0.02023,0.06056,0.09334,0.05051,0.05417,0.01843,0.01778,0.00269
0.02222,0.03154,0.05413,0.01423,0.01904,0.03568,0.11250,0.09627,0.06749,0.03657,0.02892,0.02540,0.02892,0.01732,0.00504,0.05246,0.09833,0.01412,0.08942,0.01287,0.01446,0.07431,0.01964,0.01212
0.02222,0.03584,0.01027,0.00149,0.01146,0.03635,0.15033,0.17904,0.04886,0.03350,0.00390,0.00342,0.00390,0.00495,0.01194,0.02550,0.16485,0.00235,0.02421,0.00890,0.00790,0.03509,0.04868,0.01347
0.02222,0.03011,0.01482,0.02306,0.01380,0.04381,0.18544,0.18126,0.01496,0.00003,0.03011,0.03011,0.03011,0.02453,0.01000,0.01894,0.18097,0.02170,0.04729,0.02376,0.02415,0.00732,0.02561,0.01077
0.02222,0.00430,0.01756,0.02215,0.00210,0.01475,0.02222,0.02222,0.01552,0.01636,0.00430,0.00430,0.00430,0.02012,0.02222,0.02040,0.02222,0.02202,0.02222,0.01880,0.01886,0.08282,0.04991,0.00539
0.00000,0.01219,0.00629,0.02610,0.02696,0.09963,0.15556,0.15556,0.05428,0.04652,0.01219,0.01219,0.01219,0.02286,0.03627,0.00073,0.15556,0.02522,0.09066,0.02362,0.02358,0.01440,0.02789,0.02088
0.02222,0.02294,0.05073,0.00614,0.02172,0.01388,0.09444,0.07345,0.05368,0.03499,0.01379,0.00598,0.01379,0.01053,0.01194,0.04262,0.07339,0.00708,0.07784,0.02062,0.01448,0.09371,0.00543,0.01616
0.02222,0.09032,0.01971,0.06702,0.03394,0.05354,0.05926,0.05094,0.01990,0.03386,0.07475,0.07474,0.07475,0.07099,0.04585,0.11330,0.05511,0.06750,0.04467,0.07320,0.07162,0.05864,0.05811,0.03906
0.04444,0.01935,0.05293,0.02068,0.03826,0.13037,0.21254,0.17359,0.07132,0.05299,0.01935,0.01935,0.01935,0.01644,0.03622,0.02295,0.17165,0.01905,0.14019,0.00785,0.01031,0.04226,0.04463,0.04781
0.02222,0.00573,0.03729,0.01834,0.03370,0.07045,0.19798,0.19175,0.07357,0.05675,0.01538,0.01538,0.01538,0.01512,0.03250,0.00984,0.17971,0.01733,0.06668,0.01150,0.01385,0.02644,0.06461,0.02963
0.00000,0.06523,0.02511,0.06063,0.00386,0.02221,0.06667,0.03627,0.03115,0.00469,0.06523,0.06523,0.06523,0.06226,0.03957,0.06230,0.02552,0.05859,0.06104,0.05896,0.05896,0.06034,0.05671,0.01549
0.02222,0.00573,0.04029,0.02188,0.03674,0.07110,0.22639,0.17837,0.07357,0.05675,0.01538,0.01538,0.01538,0.01758,0.03599,0.00984,0.16869,0.02024,0.08097,0.01432,0.01619,0.05918,0.06461,0.02963
0.08889,0.02652,0.09676,0.01191,0.01804,0.02794,0.01212,0.03245,0.03648,0.02227,0.00370,0.00370,0.00370,0.00756,0.03288,0.07213,0.02539,0.01026,0.09326,0.01710,0.00756,0.00250,0.01649,0.07475
0.06667,0.01290,0.07631,0.03243,0.00080,0.01380,0.01935,0.00326,0.01106,0.01697,0.02500,0.02434,0.02500,0.03608,0.00899,0.06667,0.01478,0.03311,0.09312,0.03572,0.03599,0.02403,0.03130,0.04444
0.00000,0.03656,0.04696,0.00554,0.01712,0.09942,0.14444,0.10759,0.06801,0.04936,0.01414,0.01414,0.01414,0.00065,0.02203,0.05501,0.10565,0.00202,0.05886,0.02090,0.01310,0.03274,0.02270,0.00202
0.00000,0.00502,0.00249,0.00849,0.00005,0.03315,0.09176,0.08562,0.03061,0.01617,0.00917,0.00873,0.00917,0.01015,0.00434,0.01894,0.07076,0.00768,0.07269,0.00614,0.00753,0.03545,0.03803,0.01279
0.00000,0.06667,0.03896,0.06667,0.00229,0.05691,0.06667,0.06303,0.01501,0.02063,0.06667,0.06666,0.06667,0.06667,0.05243,0.06667,0.06610,0.06667,0.05948,0.05565,0.06085,0.00028,0.01778,0.02626
0.04444,0.03226,0.06331,0.03971,0.00726,0.00969,0.02083,0.00750,0.00128,0.00771,0.03226,0.03226,0.03226,0.04236,0.01687,0.08197,0.00870,0.03904,0.09239,0.04134,0.03922,0.01754,0.00995,0.02357
0.06667,0.00000,0.13698,0.02715,0.00000,0.00334,0.00000,0.03502,0.00016,0.00000,0.00000,0.00000,0.00000,0.01859,0.05070,0.00000,0.03044,0.02182,0.14778,0.07600,0.00000,0.07226,0.10026,0.04040
0.04444,0.01362,0.03358,0.01027,0.02042,0.01063,0.05397,0.06145,0.05266,0.03401,0.00370,0.00370,0.00370,0.01111,0.00647,0.02951,0.05452,0.00877,0.04140,0.00108,0.00472,0.00980,0.00536,0.04512
0.00000,0.01505,0.00456,0.01733,0.00932,0.03952,0.13333,0.13333,0.03480,0.02751,0.01197,0.01196,0.01197,0.01550,0.02728,0.00401,0.13333,0.01736,0.03666,0.02023,0.01793,0.01237,0.01242,0.02222
0.04444,0.01649,0.06833,0.03484,0.04804,0.08089,0.19487,0.17380,0.09642,0.07763,0.02020,0.02020,0.02020,0.02977,0.05051,0.02623,0.17223,0.03255,0.08800,0.02844,0.02937,0.00872,0.06760,0.04646
0.02222,0.01434,0.03976,0.00700,0.02081,0.02699,0.05735,0.06588,0.05041,0.03163,0.01411,0.00741,0.01411,0.00981,0.01004,0.03279,0.05516,0.00732,0.04541,0.00384,0.00685,0.01472,0.00394,0.02020
0.00000,0.06810,0.05196,0.03295,0.00948,0.01850,0.07619,0.04741,0.02358,0.00882,0.03880,0.01852,0.03880,0.03659,0.01197,0.06557,0.04501,0.03338,0.06803,0.03674,0.03674,0.06264,0.02630,0.01684
0.06667,0.01864,0.07371,0.00890,0.02736,0.06273,0.09032,0.08088,0.05868,0.04054,0.00282,0.00445,0.00282,0.00500,0.02780,0.05246,0.07355,0.00773,0.09684,0.00434,0.00060,0.02937,0.00106,0.05926
0.02222,0.01290,0.01042,0.00636,0.00412,0.08864,0.15556,0.15556,0.02581,0.01683,0.01290,0.00785,0.01290,0.00345,0.01684,0.00073,0.15556,0.00587,0.06330,0.00250,0.00265,0.01339,0.01471,0.00269
0.02222,0.03154,0.02200,0.03660,0.03860,0.13020,0.20000,0.20000,0.06470,0.05722,0.03092,0.03154,0.03092,0.03405,0.04730,0.01967,0.20000,0.03592,0.07318,0.03101,0.03129,0.02849,0.05148,0.04175
0.04444,0.02366,0.03471,0.00216,0.01088,0.01810,0.04444,0.04444,0.01030,0.00839,0.01538,0.01538,0.01538,0.00419,0.00669,0.00838,0.04444,0.00263,0.03421,0.00790,0.00733,0.06424,0.04530,0.01953
0.02222,0.01720,0.02593,0.02106,0.03063,0.04602,0.20855,0.16692,0.05820,0.04366,0.01720,0.01720,0.01720,0.01807,0.03378,0.00328,0.15101,0.02046,0.08931,0.01615,0.01674,0.03377,0.06336,0.03502
0.00000,0.02366,0.00538,0.04117,0.03308,0.05330,0.06667,0.06667,0.03920,0.03600,0.02366,0.02366,0.02366,0.03898,0.04969,0.03934,0.06667,0.04084,0.06667,0.03684,0.03710,0.03426,0.01445,0.02626
0.02222,0.00000,0.07404,0.00000,0.00000,0.00101,0.00000,0.00000,0.00013,0.00000,0.00000,0.00000,0.00000,0.00000,0.00000,0.00000,0.00000,0.00000,0.08634,0.00000,0.00000,0.07194,0.07223,0.00000
0.06667,0.01290,0.09191,0.01399,0.00556,0.01540,0.05719,0.03313,0.00836,0.01449,0.02366,0.02366,0.02366,0.02026,0.00915,0.06667,0.02409,0.01679,0.11371,0.03544,0.03116,0.03187,0.03875,0.04444
0.08889,0.00645,0.10262,0.00941,0.00950,0.01493,0.02222,0.00129,0.01666,0.02222,0.02222,0.02222,0.02222,0.01465,0.01437,0.02222,0.00926,0.01196,0.09859,0.02222,0.02222,0.07207,0.06665,0.06532
0.04444,0.00072,0.03940,0.02357,0.01616,0.02721,0.06061,0.04441,0.03983,0.02150,0.00342,0.00342,0.00342,0.02579,0.00486,0.04590,0.02943,0.02259,0.06949,0.02894,0.02894,0.02168,0.03420,0.03838
0.00000,0.05663,0.03702,0.03445,0.01017,0.00048,0.09032,0.06449,0.04934,0.02016,0.02963,0.02906,0.02963,0.03705,0.01486,0.05246,0.05168,0.03392,0.06733,0.02821,0.03183,0.07923,0.04577,0.01145
0.06667,0.05018,0.05504,0.03124,0.04608,0.08459,0.15556,0.12858,0.08316,0.06541,0.03704,0.03703,0.03704,0.02793,0.04591,0.01639,0.11897,0.02966,0.06088,0.02580,0.02678,0.03501,0.06567,0.07407
0.08889,0.03513,0.09240,0.01888,0.02711,0.06099,0.14444,0.11389,0.05313,0.03639,0.00897,0.01019,0.00897,0.01308,0.03868,0.06230,0.10850,0.01626,0.11303,0.01071,0.01231,0.01569,0.01038,0.07879
0.11111,0.08315,0.10167,0.06212,0.06508,0.10595,0.14688,0.12688,0.12308,0.10317,0.08000,0.08315,0.08000,0.05704,0.07841,0.03607,0.11918,0.05934,0.10984,0.09495,0.07634,0.00539,0.08382,0.11313
0.00000,0.00072,0.01664,0.02220,0.02447,0.04695,0.20889,0.19464,0.06308,0.05126,0.01852,0.01852,0.01852,0.02007,0.03383,0.01311,0.17844,0.02229,0.08479,0.00810,0.01429,0.01263,0.06082,0.01549
0.08889,0.00645,0.08798,0.02222,0.01372,0.01749,0.02222,0.02222,0.01962,0.02222,0.02222,0.02222,0.02222,0.02222,0.00266,0.02222,0.02222,0.02222,0.07862,0.02222,0.02222,0.07739,0.06269,0.06532
0.02222,0.02581,0.08120,0.02582,0.03502,0.03521,0.14624,0.11673,0.08263,0.06319,0.01212,0.01212,0.01212,0.01978,0.04375,0.04590,0.11485,0.02263,0.10093,0.01892,0.01941,0.03983,0.03284,0.01481
0.04444,0.08387,0.01516,0.02800,0.01271,0.01049,0.11981,0.09527,0.02057,0.00168,0.04103,0.04102,0.04103,0.03374,0.01133,0.07723,0.09244,0.03119,0.00586,0.04759,0.04427,0.04448,0.02404,0.04781
0.02222,0.01004,0.01609,0.00370,0.00699,0.02292,0.13333,0.13333,0.01550,0.00703,0.01004,0.01003,0.01004,0.00188,0.01387,0.00401,0.13333,0.00410,0.07404,0.00619,0.00470,0.02216,0.00533,0.00135
0.00000,0.04803,0.02698,0.03421,0.01672,0.00904,0.07593,0.05184,0.01388,0.00445,0.04444,0.04061,0.04444,0.03939,0.01568,0.09362,0.05554,0.03636,0.04085,0.03434,0.03876,0.05521,0.04479,0.00741
0.04444,0.00789,0.07816,0.03433,0.04445,0.04926,0.07957,0.08001,0.10021,0.08065,0.02222,0.02222,0.02222,0.02907,0.05107,0.03607,0.06100,0.03185,0.08581,0.00797,0.01747,0.05038,0.05960,0.04242
0.08889,0.04086,0.05960,0.01181,0.00510,0.04065,0.07312,0.06668,0.02670,0.00958,0.02007,0.02007,0.02007,0.01504,0.00777,0.08124,0.07357,0.01253,0.06381,0.01343,0.01388,0.00668,0.02534,0.08148
0.04444,0.06953,0.02500,0.05527,0.03129,0.01755,0.03728,0.00159,0.00556,0.02313,0.06953,0.06954,0.06953,0.05771,0.03993,0.06084,0.00943,0.05489,0.02748,0.05546,0.05623,0.05866,0.02567,0.04108
0.02222,0.02294,0.03220,0.03654,0.04515,0.12306,0.20000,0.16397,0.07181,0.05951,0.02564,0.02564,0.02564,0.03334,0.04830,0.00984,0.15554,0.03539,0.06614,0.03029,0.03252,0.05243,0.07096,0.03771
0.02222,0.02867,0.06529,0.00299,0.02476,0.01012,0.09444,0.08215,0.08266,0.05005,0.00513,0.00512,0.00513,0.00119,0.02163,0.04918,0.07512,0.00176,0.07419,0.01366,0.00138,0.03371,0.00065,0.01347
0.02222,0.00860,0.02956,0.01323,0.02824,0.06724,0.13047,0.15546,0.07933,0.05193,0.00860,0.00860,0.00860,0.01121,0.02713,0.00656,0.14637,0.01349,0.05871,0.00133,0.00655,0.03944,0.05939,0.03098
