# CC,BBSL,AC-HD,AC-L1,AC-L2,PCC,PAC-HD,PAC-L1,PAC-L2,EM,HDX-8b,CDFX-100b-L1,CDFX-100b-L2,HDy-8b,MMy-100,CDFy-100b-L1,CDFy-100b-L2,FriedmanME-HD,FriedmanME-L1,FriedmanME-L2,EDX,EDy,CvMy,REGX,REGy,PWKQuantifier
0.00000,0.00000,0.00000,0.00000,0.00000,0.01333,0.00497,0.00497,0.00497,0.00445,0.02139,0.04916,0.03405,0.02370,0.00000,0.00000,0.00428,0.00745,0.00315,0.00340,0.06903,0.00470,0.07458,0.04142,0.02092,0.05238
0.04444,0.04444,0.04444,0.04444,0.04444,0.03319,0.04029,0.04029,0.04029,0.03970,0.03822,0.02963,0.03092,0.04820,0.04444,0.04444,0.04041,0.04520,0.04444,0.03732,0.02623,0.04092,0.06026,0.04302,0.05365,0.02963
0.00000,0.00000,0.00000,0.00000,0.00000,0.01274,0.01147,0.01147,0.01147,0.00231,0.03761,0.01481,0.01304,0.01161,0.00000,0.00000,0.01031,0.00417,0.00063,0.00142,0.04113,0.01132,0.15868,0.04835,0.03485,0.01217
0.01481,0.01481,0.01481,0.01481,0.01481,0.00533,0.01286,0.01286,0.01286,0.01861,0.03660,0.02963,0.04796,0.01904,0.01343,0.01343,0.01248,0.00604,0.01481,0.01021,0.07901,0.01277,0.01834,0.01786,0.01923,0.07989
0.01481,0.01481,0.01481,0.01481,0.01481,0.01526,0.00880,0.00880,0.00880,0.00288,0.00192,0.01019,0.01708,0.01795,0.00853,0.00853,0.00744,0.02829,0.03609,0.02005,0.02465,0.00785,0.11919,0.01272,0.01483,0.03386
0.04444,0.04444,0.04444,0.04444,0.04444,0.02770,0.03341,0.03341,0.03341,0.02906,0.01661,0.01481,0.02531,0.04364,0.03573,0.03573,0.03344,0.03700,0.04444,0.03313,0.03768,0.03369,0.03283,0.03447,0.06663,0.03122
0.00000,0.00000,0.00000,0.00000,0.00000,0.00993,0.00895,0.00895,0.00895,0.00247,0.01398,0.01389,0.01440,0.02178,0.00000,0.00000,0.00805,0.00782,0.00127,0.00283,0.02877,0.00869,0.10189,0.01149,0.02377,0.02222
0.00000,0.00000,0.00000,0.00000,0.00000,0.01970,0.01091,0.01091,0.01091,0.00885,0.01200,0.01046,0.01260,0.02071,0.00718,0.00718,0.01073,0.02362,0.02282,0.02381,0.00857,0.01066,0.03678,0.01565,0.01251,0.04709
0.00000,0.00000,0.00000,0.00000,0.00000,0.01763,0.00733,0.00733,0.00733,0.00192,0.02462,0.00049,0.00171,0.02115,0.00218,0.00218,0.00689,0.01547,0.01586,0.01389,0.02152,0.00698,0.07396,0.02279,0.00884,0.05026
0.02963,0.02963,0.02963,0.02963,0.02963,0.00904,0.01489,0.01489,0.01489,0.02097,0.04097,0.03018,0.03888,0.03301,0.02424,0.02424,0.01552,0.03078,0.03795,0.01783,0.04414,0.01588,0.05979,0.01679,0.02859,0.02857
0.00000,0.00000,0.00000,0.00000,0.00000,0.03022,0.00910,0.00910,0.00910,0.00000,0.01658,0.00000,0.00303,0.01106,0.00000,0.00000,0.00890,0.03791,0.03391,0.02891,0.00151,0.00883,0.05629,0.02983,0.04545,0.00000
0.00000,0.00000,0.00000,0.00000,0.00000,0.02770,0.00634,0.00634,0.00634,0.00120,0.02126,0.01481,0.01481,0.00942,0.00044,0.00044,0.00635,0.03596,0.02751,0.02863,0.01887,0.00624,0.02690,0.02327,0.03587,0.01481
0.02963,0.02963,0.02963,0.02963,0.02963,0.01956,0.03445,0.03445,0.03445,0.02836,0.01078,0.00635,0.03064,0.03333,0.02963,0.02963,0.03441,0.03720,0.02963,0.02907,0.02501,0.03431,0.01710,0.04958,0.04656,0.06614
0.02963,0.02963,0.02963,0.02963,0.02963,0.02044,0.01503,0.01503,0.01503,0.00423,0.01709,0.00174,0.01089,0.03585,0.01699,0.01699,0.01575,0.03059,0.02963,0.02069,0.00560,0.01598,0.03465,0.00936,0.02969,0.01481
0.07407,0.07407,0.07407,0.07407,0.07407,0.05348,0.05294,0.05294,0.05294,0.04014,0.00570,0.04255,0.05653,0.07049,0.05342,0.05342,0.05390,0.06552,0.07407,0.05675,0.06162,0.05418,0.04960,0.01114,0.05729,0.00053
0.01481,0.01481,0.01481,0.01481,0.01481,0.00459,0.02224,0.02224,0.02224,0.02118,0.04363,0.04722,0.04986,0.01697,0.01481,0.01481,0.02166,0.02205,0.01481,0.01481,0.06437,0.02183,0.01978,0.03986,0.02553,0.08148
0.01481,0.01481,0.01481,0.01481,0.01481,0.01141,0.01363,0.01363,0.01363,0.01168,0.02221,0.01635,0.00979,0.02034,0.01481,0.01481,0.01351,0.01928,0.01481,0.01132,0.01919,0.01379,0.06109,0.01172,0.03070,0.01323
0.13333,0.13333,0.13333,0.13333,0.13333,0.10696,0.10428,0.10428,0.10428,0.07753,0.02613,0.06724,0.07081,0.10806,0.12200,0.12200,0.10626,0.12119,0.13333,0.11098,0.07354,0.10662,0.08314,0.04392,0.12145,0.02116
0.00000,0.00000,0.00000,0.00000,0.00000,0.03215,0.01194,0.01194,0.01194,0.00363,0.04037,0.03292,0.03622,0.00776,0.00269,0.00269,0.01206,0.04444,0.01167,0.03855,0.04444,0.01196,0.02742,0.01838,0.03206,0.04444
0.00000,0.00000,0.00000,0.00000,0.00000,0.00963,0.00362,0.00362,0.00362,0.00102,0.03210,0.00099,0.00686,0.02223,0.00000,0.00000,0.00263,0.01070,0.00590,0.00482,0.03713,0.00319,0.03989,0.01559,0.01288,0.04233
0.02963,0.02963,0.02963,0.02963,0.02963,0.02252,0.03968,0.03968,0.03968,0.03307,0.09234,0.07356,0.07413,0.03313,0.02963,0.02963,0.03821,0.03715,0.02963,0.02921,0.07030,0.03875,0.05615,0.04814,0.03888,0.07302
0.01481,0.01481,0.01481,0.01481,0.01481,0.01319,0.01368,0.01368,0.01368,0.01006,0.04102,0.00409,0.00429,0.01883,0.01481,0.01481,0.01288,0.02076,0.01481,0.01202,0.01060,0.01322,0.02952,0.04212,0.00590,0.01270
0.01481,0.01481,0.01481,0.01481,0.01481,0.00933,0.01410,0.01410,0.01410,0.01687,0.01766,0.02370,0.01920,0.01642,0.01481,0.01481,0.01445,0.01926,0.01481,0.01132,0.02389,0.01449,0.05257,0.02193,0.01317,0.02063
0.07407,0.07407,0.07407,0.07407,0.07407,0.05081,0.05742,0.05742,0.05742,0.05485,0.01096,0.05086,0.05175,0.07193,0.05791,0.05791,0.05814,0.05881,0.07407,0.05801,0.07621,0.05837,0.05600,0.02842,0.09625,0.02857
0.00000,0.00000,0.00000,0.00000,0.00000,0.01733,0.00339,0.00339,0.00339,0.00235,0.03791,0.00926,0.04002,0.01923,0.00000,0.00000,0.00266,0.01164,0.01123,0.01134,0.03942,0.00313,0.03417,0.01967,0.02666,0.05926
0.08889,0.08889,0.08889,0.08889,0.08889,0.06548,0.06252,0.06252,0.06252,0.03743,0.03562,0.05556,0.07576,0.07699,0.07843,0.07843,0.06389,0.08035,0.08889,0.06598,0.08483,0.06410,0.07321,0.03439,0.07396,0.01534
0.00000,0.00000,0.00000,0.00000,0.00000,0.02044,0.00125,0.00125,0.00125,0.00281,0.02161,0.02820,0.04496,0.00209,0.00000,0.00000,0.00107,0.01878,0.00000,0.01354,0.05926,0.00105,0.00906,0.05079,0.05153,0.05926
0.08889,0.08889,0.08889,0.08889,0.08889,0.05719,0.07009,0.07009,0.07009,0.08962,0.12317,0.11019,0.11582,0.08925,0.08620,0.08620,0.07094,0.05716,0.08889,0.06333,0.13333,0.07125,0.06770,0.09235,0.09155,0.04603
0.00000,0.00000,0.00000,0.00000,0.00000,0.01304,0.00629,0.00629,0.00629,0.00622,0.03710,0.05698,0.07407,0.01338,0.00000,0.00000,0.00497,0.00838,0.00670,0.00992,0.07407,0.00527,0.02681,0.00952,0.00320,0.07407
0.01481,0.01481,0.01481,0.01481,0.01481,0.01259,0.00735,0.00735,0.00735,0.00673,0.04724,0.00765,0.00463,0.02250,0.00765,0.00765,0.00735,0.01730,0.01481,0.01062,0.01115,0.00785,0.06247,0.01934,0.02054,0.01270
0.01481,0.01481,0.01481,0.01481,0.01481,0.00444,0.01840,0.01840,0.01840,0.01474,0.03804,0.04306,0.06567,0.01684,0.01481,0.01481,0.01741,0.01231,0.01481,0.00951,0.10967,0.01758,0.04075,0.04358,0.04737,0.06825
0.00000,0.00000,0.00000,0.00000,0.00000,0.00593,0.00547,0.00547,0.00547,0.00456,0.00869,0.01667,0.01021,0.02918,0.00000,0.00000,0.00400,0.00915,0.00181,0.00340,0.01792,0.00480,0.05405,0.01993,0.01257,0.01693
0.04444,0.04444,0.04444,0.04444,0.04444,0.02667,0.02506,0.02506,0.02506,0.01261,0.00995,0.02448,0.01805,0.04151,0.03442,0.03442,0.02575,0.03844,0.04444,0.02656,0.02124,0.02594,0.04094,0.01025,0.03163,0.00053
0.08889,0.08889,0.08889,0.08889,0.08889,0.06993,0.06408,0.06408,0.06408,0.03852,0.02663,0.00613,0.01148,0.07351,0.07538,0.07538,0.06517,0.08288,0.08889,0.07101,0.00816,0.06546,0.06766,0.02351,0.08142,0.02328
0.04444,0.04444,0.04444,0.04444,0.04444,0.04385,0.04249,0.04249,0.04249,0.03730,0.02881,0.01353,0.00208,0.04862,0.04444,0.04444,0.04239,0.05226,0.04682,0.04728,0.01658,0.04290,0.05400,0.02537,0.03666,0.00476
0.00000,0.00000,0.00000,0.00000,0.00000,0.01630,0.01318,0.01318,0.01318,0.00871,0.00732,0.01086,0.03906,0.01800,0.00231,0.00231,0.01176,0.01118,0.00777,0.00709,0.08621,0.01218,0.12724,0.00742,0.02644,0.01799
0.01481,0.01481,0.01481,0.01481,0.01481,0.00281,0.01939,0.01939,0.01939,0.01203,0.04672,0.02918,0.06185,0.01986,0.01481,0.01481,0.01852,0.01188,0.01481,0.00965,0.05921,0.01884,0.01735,0.01073,0.02251,0.07831
0.04444,0.04444,0.04444,0.04444,0.04444,0.02444,0.04012,0.04012,0.04012,0.04485,0.04152,0.05812,0.06225,0.04704,0.04306,0.04306,0.04011,0.03094,0.04444,0.03453,0.08182,0.04029,0.02971,0.05852,0.06616,0.06931
0.08889,0.08889,0.08889,0.08889,0.08889,0.07052,0.07071,0.07071,0.07071,0.06076,0.01467,0.00349,0.04388,0.08440,0.07756,0.07756,0.07160,0.08384,0.08889,0.07070,0.03830,0.07187,0.03143,0.04722,0.09981,0.00053
0.00000,0.00000,0.00000,0.00000,0.00000,0.01096,0.00795,0.00795,0.00795,0.00311,0.01196,0.00515,0.01364,0.02202,0.00000,0.00000,0.00708,0.00849,0.00094,0.00312,0.04039,0.00776,0.13778,0.04202,0.03504,0.01481
0.02963,0.02963,0.02963,0.02963,0.02963,0.00978,0.02794,0.02794,0.02794,0.02979,0.03843,0.02876,0.03274,0.03350,0.02963,0.02963,0.02754,0.01541,0.02963,0.01985,0.03672,0.02786,0.02117,0.03504,0.02600,0.08095
0.01481,0.01481,0.01481,0.01481,0.01481,0.00919,0.01064,0.01064,0.01064,0.01263,0.02572,0.00659,0.02067,0.01534,0.01438,0.01438,0.01116,0.01683,0.01481,0.01048,0.05487,0.01164,0.13090,0.06549,0.03991,0.00582
0.00000,0.00000,0.00000,0.00000,0.00000,0.02267,0.01178,0.01178,0.01178,0.00678,0.01453,0.02469,0.03000,0.01979,0.00349,0.00349,0.01118,0.02161,0.01865,0.02268,0.04419,0.01135,0.09583,0.03560,0.02525,0.05767
0.02963,0.02963,0.02963,0.02963,0.02963,0.02415,0.02264,0.02264,0.02264,0.01687,0.02032,0.00889,0.01005,0.03655,0.02437,0.02437,0.02306,0.03255,0.02963,0.02558,0.01625,0.02363,0.09216,0.01307,0.04942,0.00423
0.02963,0.02963,0.02963,0.02963,0.02963,0.01867,0.01861,0.01861,0.01861,0.01425,0.02695,0.00067,0.02800,0.03488,0.02334,0.02334,0.01965,0.03059,0.02963,0.02069,0.09834,0.02024,0.13893,0.02987,0.03907,0.00106
0.04444,0.04444,0.04444,0.04444,0.04444,0.03763,0.04105,0.04105,0.04105,0.03558,0.03896,0.00741,0.02934,0.04133,0.04444,0.04444,0.04088,0.05157,0.04444,0.04249,0.01964,0.04111,0.03216,0.04040,0.05702,0.02011
0.02963,0.02963,0.02963,0.02963,0.02963,0.02000,0.02300,0.02300,0.02300,0.01964,0.01878,0.03426,0.04356,0.03821,0.02353,0.02353,0.02282,0.03076,0.02963,0.02195,0.04869,0.02318,0.02840,0.00859,0.03168,0.01746
0.00000,0.00000,0.00000,0.00000,0.00000,0.01585,0.01274,0.01274,0.01274,0.00880,0.00462,0.00926,0.00582,0.01488,0.00449,0.00449,0.01242,0.02243,0.01921,0.01758,0.02549,0.01251,0.06535,0.01379,0.01709,0.01587
0.08889,0.08889,0.08889,0.08889,0.08889,0.06578,0.06423,0.06423,0.06423,0.04614,0.00658,0.01823,0.02469,0.08605,0.06914,0.06914,0.06576,0.08165,0.08889,0.07129,0.01857,0.06621,0.05538,0.00891,0.07356,0.00847
0.02963,0.02963,0.02963,0.02963,0.02963,0.01452,0.00912,0.00912,0.00912,0.01130,0.02926,0.00741,0.03954,0.01777,0.00392,0.00392,0.00918,0.02422,0.02963,0.01855,0.08423,0.00947,0.07036,0.03975,0.00634,0.00899
0.02963,0.02963,0.02963,0.02963,0.02963,0.01452,0.00231,0.00231,0.00231,0.01664,0.01330,0.04931,0.05206,0.03076,0.01574,0.01574,0.00364,0.04813,0.04168,0.03651,0.06618,0.00267,0.09212,0.06033,0.04984,0.03519
0.08889,0.08889,0.08889,0.08889,0.08889,0.05733,0.04529,0.04529,0.04529,0.01504,0.01221,0.01481,0.02574,0.03868,0.04804,0.04804,0.04785,0.08073,0.07761,0.06859,0.03119,0.04754,0.05434,0.05631,0.06997,0.06991
0.00000,0.00000,0.00000,0.00000,0.00000,0.02281,0.01658,0.01658,0.01658,0.01380,0.04985,0.03435,0.05497,0.01122,0.00654,0.00654,0.01347,0.02171,0.02577,0.01163,0.05240,0.01373,0.08706,0.02011,0.02188,0.00278
0.02963,0.02963,0.02963,0.02963,0.02963,0.00296,0.00930,0.00930,0.00930,0.01831,0.01690,0.02824,0.04052,0.03938,0.01435,0.01435,0.00989,0.03724,0.02477,0.02406,0.05441,0.00973,0.04497,0.05808,0.03889,0.03194
0.07407,0.07407,0.07407,0.07407,0.07407,0.03881,0.03225,0.03225,0.03225,0.00222,0.00893,0.01627,0.02272,0.06180,0.04444,0.04444,0.03555,0.07232,0.06381,0.06119,0.04382,0.03497,0.01575,0.02934,0.04252,0.05926
0.01481,0.01481,0.01481,0.01481,0.01481,0.03556,0.01637,0.01637,0.01637,0.00781,0.06584,0.03683,0.04569,0.01836,0.01220,0.01220,0.01059,0.04947,0.04689,0.03596,0.05359,0.01156,0.11841,0.02687,0.03328,0.02685
0.00000,0.00000,0.00000,0.00000,0.00000,0.03407,0.01473,0.01473,0.01473,0.00196,0.02849,0.04609,0.07090,0.00465,0.00000,0.00000,0.00929,0.03364,0.03328,0.02041,0.08382,0.01057,0.14556,0.02924,0.03269,0.01065
0.04444,0.04444,0.04444,0.04444,0.04444,0.02519,0.02042,0.02042,0.02042,0.00690,0.00542,0.01481,0.01620,0.04937,0.01959,0.01959,0.02227,0.04400,0.03825,0.03248,0.03936,0.02195,0.01829,0.05334,0.05122,0.03565
0.05926,0.05926,0.05926,0.05926,0.05926,0.02726,0.02911,0.02911,0.02911,0.02625,0.04774,0.04237,0.02909,0.06338,0.04444,0.04444,0.03106,0.07009,0.06017,0.05782,0.04633,0.03060,0.03809,0.07030,0.06502,0.05417
0.10370,0.10370,0.10370,0.10370,0.10370,0.06785,0.05764,0.05764,0.05764,0.00300,0.00673,0.02716,0.02152,0.06704,0.06554,0.06554,0.06093,0.09630,0.09250,0.08428,0.03152,0.06044,0.04093,0.04702,0.07115,0.08611
0.00000,0.00000,0.00000,0.00000,0.00000,0.04237,0.02442,0.02442,0.02442,0.00811,0.04355,0.01193,0.03040,0.00617,0.00174,0.00174,0.02268,0.03490,0.02961,0.01913,0.02334,0.02306,0.09771,0.01946,0.01093,0.01204
0.01481,0.01481,0.01481,0.01481,0.01481,0.00607,0.00537,0.00537,0.00537,0.00906,0.02714,0.01201,0.02444,0.02729,0.00000,0.00000,0.00440,0.02363,0.01236,0.01121,0.00446,0.00473,0.05058,0.00770,0.01287,0.00880
0.04444,0.04444,0.04444,0.04444,0.04444,0.02830,0.01470,0.01470,0.01470,0.02949,0.01214,0.02963,0.02963,0.03051,0.02020,0.02020,0.01594,0.03791,0.03319,0.03303,0.02963,0.01607,0.05653,0.02570,0.04510,0.02176
0.00000,0.00000,0.00000,0.00000,0.00000,0.02933,0.01998,0.01998,0.01998,0.01550,0.06361,0.06335,0.08038,0.00928,0.00654,0.00654,0.01679,0.02472,0.02988,0.01454,0.06432,0.01731,0.10998,0.04041,0.03443,0.00046
0.05926,0.05926,0.05926,0.05926,0.05926,0.02919,0.02314,0.02314,0.02314,0.00102,0.00817,0.01317,0.02648,0.04461,0.02963,0.02963,0.02445,0.05732,0.04860,0.04637,0.01386,0.02433,0.02660,0.00252,0.02509,0.04398
0.02963,0.02963,0.02963,0.02963,0.02963,0.00681,0.01941,0.01941,0.01941,0.02558,0.02492,0.03441,0.03541,0.03804,0.02269,0.02269,0.02041,0.04964,0.03587,0.03322,0.06368,0.02008,0.02836,0.04535,0.03593,0.03657
0.04444,0.04444,0.04444,0.04444,0.04444,0.03111,0.02914,0.02914,0.02914,0.01976,0.05735,0.05432,0.05600,0.05025,0.02963,0.02963,0.03008,0.05006,0.03859,0.03852,0.07994,0.02974,0.04717,0.06526,0.04659,0.03657
0.02963,0.02963,0.02963,0.02963,0.02963,0.02267,0.01059,0.01059,0.01059,0.00214,0.02214,0.05926,0.05926,0.04077,0.00765,0.00765,0.01227,0.02640,0.03406,0.02896,0.05926,0.01235,0.05926,0.01641,0.02904,0.00741
0.05926,0.05926,0.05926,0.05926,0.05926,0.01556,0.02032,0.02032,0.02032,0.02547,0.02175,0.02057,0.02767,0.06090,0.03441,0.03441,0.02331,0.05784,0.05303,0.04685,0.01886,0.02242,0.05052,0.02322,0.05584,0.05787
0.01481,0.01481,0.01481,0.01481,0.01481,0.00252,0.00151,0.00151,0.00151,0.00355,0.04880,0.01133,0.03020,0.03291,0.00741,0.00741,0.00396,0.02417,0.02220,0.01850,0.01909,0.00347,0.07631,0.04066,0.03157,0.00972
0.07407,0.07407,0.07407,0.07407,0.07407,0.04341,0.02902,0.02902,0.02902,0.02150,0.01716,0.02074,0.03842,0.02777,0.01930,0.01930,0.03084,0.06020,0.05945,0.04721,0.04771,0.03037,0.05231,0.03173,0.03840,0.04954
0.01481,0.01481,0.01481,0.01481,0.01481,0.01556,0.00754,0.00754,0.00754,0.01452,0.01615,0.00562,0.00939,0.03207,0.00307,0.00307,0.00845,0.01143,0.01615,0.01367,0.05600,0.00838,0.03266,0.02141,0.04812,0.00185
0.02963,0.02963,0.02963,0.02963,0.02963,0.00607,0.00601,0.00601,0.00601,0.00403,0.01265,0.00370,0.00731,0.03098,0.01243,0.01243,0.00842,0.03379,0.02523,0.02000,0.02049,0.00794,0.03420,0.03537,0.03311,0.02639
0.10370,0.10370,0.10370,0.10370,0.10370,0.04622,0.05099,0.05099,0.05099,0.05397,0.02804,0.07096,0.06121,0.08675,0.07121,0.07121,0.05395,0.08982,0.09630,0.08160,0.07124,0.05302,0.02791,0.11549,0.10545,0.10093
0.04444,0.04444,0.04444,0.04444,0.04444,0.02741,0.01413,0.01413,0.01413,0.02209,0.01154,0.03591,0.06813,0.03156,0.01751,0.01751,0.01556,0.03928,0.03566,0.03431,0.07407,0.01541,0.03159,0.00888,0.02611,0.02037
0.08889,0.08889,0.08889,0.08889,0.08889,0.05481,0.05435,0.05435,0.05435,0.04531,0.07896,0.08555,0.07399,0.08775,0.06536,0.06536,0.05525,0.09220,0.08207,0.07895,0.09891,0.05492,0.05006,0.08072,0.07410,0.08241
0.00000,0.00000,0.00000,0.00000,0.00000,0.03081,0.02247,0.02247,0.02247,0.01742,0.09924,0.08830,0.09841,0.00962,0.00610,0.00610,0.01762,0.02431,0.02784,0.01353,0.09594,0.01833,0.14063,0.02398,0.02705,0.00046
0.01481,0.01481,0.01481,0.01481,0.01481,0.01081,0.00923,0.00923,0.00923,0.00409,0.01092,0.02524,0.03139,0.03525,0.00915,0.00915,0.00903,0.02261,0.02213,0.01804,0.09413,0.00882,0.00976,0.03345,0.03222,0.00694
0.00000,0.00000,0.00000,0.00000,0.00000,0.03407,0.01957,0.01957,0.01957,0.00176,0.08071,0.01616,0.03614,0.00291,0.00044,0.00044,0.01649,0.02341,0.01481,0.01481,0.02021,0.01691,0.10780,0.04246,0.03326,0.01111
0.00000,0.00000,0.00000,0.00000,0.00000,0.00207,0.00122,0.00122,0.00122,0.00069,0.00643,0.00307,0.01662,0.00768,0.00000,0.00000,0.00152,0.00480,0.00287,0.00159,0.03590,0.00127,0.02992,0.04960,0.05016,0.00046
0.08889,0.08889,0.08889,0.08889,0.08889,0.04222,0.04011,0.04011,0.04011,0.02505,0.02274,0.01796,0.03728,0.06699,0.04630,0.04630,0.04235,0.07604,0.07843,0.06816,0.04744,0.04185,0.04508,0.04794,0.06374,0.07824
0.01481,0.01481,0.01481,0.01481,0.01481,0.00593,0.00503,0.00503,0.00503,0.00946,0.04496,0.00918,0.03442,0.03259,0.00784,0.00784,0.00400,0.03006,0.02884,0.02223,0.04118,0.00407,0.04234,0.00585,0.02105,0.00787
0.02963,0.02963,0.02963,0.02963,0.02963,0.00830,0.01318,0.01318,0.01318,0.01811,0.02883,0.05993,0.06575,0.04300,0.01526,0.01526,0.01548,0.04284,0.03064,0.02881,0.07418,0.01497,0.01755,0.04383,0.03650,0.02824
0.04444,0.04444,0.04444,0.04444,0.04444,0.02919,0.02175,0.02175,0.02175,0.01082,0.03306,0.03297,0.03142,0.03962,0.01806,0.01806,0.02264,0.04112,0.03571,0.03071,0.05430,0.02238,0.03324,0.03148,0.03395,0.03009
0.02963,0.02963,0.02963,0.02963,0.02963,0.02489,0.01315,0.01315,0.01315,0.00361,0.01283,0.01270,0.04444,0.04184,0.01538,0.01538,0.01429,0.02599,0.03326,0.02869,0.03818,0.01416,0.04444,0.02027,0.03547,0.00880
0.01481,0.01481,0.01481,0.01481,0.01481,0.03052,0.01218,0.01218,0.01218,0.01625,0.03643,0.04537,0.05049,0.01942,0.01351,0.01351,0.00724,0.05046,0.04357,0.03410,0.05224,0.00790,0.08859,0.03761,0.02026,0.02778
0.05926,0.05926,0.05926,0.05926,0.05926,0.03170,0.02192,0.02192,0.02192,0.01817,0.01841,0.07978,0.09944,0.04320,0.03591,0.03591,0.02358,0.05858,0.05312,0.05148,0.10370,0.02344,0.05528,0.00999,0.03469,0.04028
0.00000,0.00000,0.00000,0.00000,0.00000,0.02504,0.01491,0.01491,0.01491,0.00229,0.05284,0.02155,0.02422,0.00884,0.00087,0.00087,0.01362,0.02573,0.01645,0.01073,0.03271,0.01384,0.07317,0.04936,0.02602,0.00694
0.00000,0.00000,0.00000,0.00000,0.00000,0.02696,0.01404,0.01404,0.01404,0.00547,0.05680,0.04319,0.04360,0.01372,0.00392,0.00392,0.01102,0.02890,0.02749,0.01546,0.03519,0.01150,0.08980,0.01924,0.02770,0.00509
0.01481,0.01481,0.01481,0.01481,0.01481,0.00889,0.00643,0.00643,0.00643,0.00330,0.01183,0.00346,0.00825,0.03053,0.00763,0.00763,0.00778,0.01945,0.01886,0.01649,0.04305,0.00761,0.03594,0.01964,0.03119,0.00972
0.05926,0.05926,0.05926,0.05926,0.05926,0.00326,0.00360,0.00360,0.00360,0.00774,0.03615,0.01414,0.03370,0.02578,0.02294,0.02294,0.00942,0.05429,0.05049,0.04509,0.03141,0.00868,0.05912,0.02349,0.04858,0.05231
0.05926,0.05926,0.05926,0.05926,0.05926,0.02830,0.01860,0.01860,0.01860,0.01142,0.03811,0.01185,0.05854,0.04211,0.01481,0.01481,0.02118,0.04972,0.04603,0.03952,0.06409,0.02065,0.05265,0.03682,0.03284,0.03889
0.05926,0.05926,0.05926,0.05926,0.05926,0.02548,0.01986,0.01986,0.01986,0.00554,0.00901,0.02812,0.03636,0.03807,0.02963,0.02963,0.02263,0.05762,0.04862,0.04666,0.04045,0.02216,0.02582,0.00546,0.02890,0.04444
0.02963,0.02963,0.02963,0.02963,0.02963,0.00444,0.00870,0.00870,0.00870,0.02344,0.04914,0.02256,0.02701,0.03302,0.02198,0.02198,0.01083,0.04147,0.02767,0.02525,0.04312,0.00994,0.06598,0.01116,0.02480,0.03704
0.04444,0.04444,0.04444,0.04444,0.04444,0.03185,0.02507,0.02507,0.02507,0.01069,0.04577,0.01693,0.04049,0.04515,0.02083,0.02083,0.02482,0.04138,0.03653,0.03101,0.04444,0.02494,0.04214,0.09085,0.04361,0.03148
0.01481,0.01481,0.01481,0.01481,0.01481,0.01867,0.00518,0.00518,0.00518,0.01107,0.04442,0.05415,0.05136,0.02233,0.00494,0.00494,0.00156,0.03262,0.02684,0.02154,0.06731,0.00228,0.07358,0.05194,0.03947,0.01944
0.04444,0.04444,0.04444,0.04444,0.04444,0.01867,0.01973,0.01973,0.01973,0.01378,0.01207,0.02382,0.03524,0.04018,0.01796,0.01796,0.02086,0.04513,0.03486,0.03428,0.02921,0.02061,0.04722,0.04280,0.04991,0.03472
0.00000,0.00000,0.00000,0.00000,0.00000,0.00622,0.00642,0.00642,0.00642,0.01275,0.02585,0.01728,0.01267,0.01459,0.00335,0.00335,0.00606,0.00761,0.00896,0.00316,0.05238,0.00606,0.03678,0.02738,0.02367,0.00417
0.02963,0.02963,0.02963,0.02963,0.02963,0.01511,0.00741,0.00741,0.00741,0.01301,0.01629,0.00878,0.01859,0.01629,0.00808,0.00808,0.00871,0.02611,0.01887,0.01558,0.00288,0.00846,0.00622,0.02099,0.01626,0.01250
0.01481,0.01481,0.01481,0.01481,0.01481,0.00548,0.00267,0.00267,0.00267,0.00157,0.03682,0.02963,0.04035,0.02576,0.00463,0.00463,0.00172,0.02604,0.01328,0.01225,0.06141,0.00173,0.03997,0.03390,0.01651,0.01204
