# true_pCC,AC,PCC,PAC,EM,HDX-8b,CDFX-100b-L1,CDFX-100b-L2,HDy-8b,PDFy-8b-tipsoe,CDFy-100b-L1,CDFy-100b-L2,MMy-100,SORDy,DeBias,FriedmanME-L1,EDX,EDy,CvMy,QUANTy-L1,QUANTy-L2,REGX,REGy,PWKQuantifier
0.13333,0.13333,0.10222,0.08281,0.05876,0.03377,0.01637,0.00568,0.06562,0.05444,0.08125,0.08125,0.08125,0.08413,0.07562,0.12353,0.01511,0.08378,0.06992,0.10069,0.09970,0.09355,0.03292,0.10108
0.02222,0.02222,0.02022,0.01795,0.02012,0.05455,0.04691,0.04285,0.03182,0.02170,0.02222,0.02222,0.02222,0.01785,0.02001,0.04183,0.04087,0.01796,0.05867,0.01466,0.01492,0.09231,0.04458,0.04373
0.02222,0.02222,0.02289,0.01777,0.02007,0.03331,0.12862,0.09705,0.03207,0.02108,0.01765,0.01765,0.01765,0.01679,0.01829,0.01765,0.10903,0.01704,0.07954,0.02500,0.01778,0.09089,0.03756,0.01290
0.00000,0.00000,0.00111,0.00966,0.00674,0.05761,0.04783,0.04736,0.01089,0.00466,0.00000,0.00000,0.00000,0.00987,0.01757,0.02418,0.04393,0.00955,0.02847,0.00835,0.00840,0.03371,0.01811,0.04158
0.02222,0.02222,0.02200,0.00621,0.01454,0.01394,0.07407,0.04657,0.02939,0.01789,0.01990,0.01990,0.01990,0.00632,0.00097,0.03595,0.04507,0.00698,0.06078,0.00972,0.00868,0.00873,0.00487,0.01792
0.02222,0.02222,0.01756,0.02420,0.02268,0.04523,0.05556,0.10115,0.02874,0.02278,0.02222,0.02222,0.02222,0.02381,0.03107,0.04575,0.10117,0.02428,0.08955,0.02094,0.02110,0.06648,0.03798,0.06093
0.08889,0.08889,0.07067,0.04455,0.02382,0.03675,0.04373,0.04138,0.03999,0.02969,0.02716,0.02716,0.02716,0.04577,0.03374,0.05294,0.05401,0.04522,0.03399,0.04583,0.04575,0.04749,0.00390,0.01720
0.00000,0.00000,0.00044,0.01350,0.00330,0.02049,0.08715,0.10488,0.00746,0.00315,0.00000,0.00000,0.00000,0.01249,0.02383,0.02614,0.11014,0.01342,0.11111,0.00187,0.00982,0.01160,0.00737,0.05018
0.00000,0.00000,0.00022,0.01326,0.00486,0.03408,0.09179,0.08745,0.00746,0.00315,0.00000,0.00000,0.00000,0.01237,0.02358,0.02614,0.09371,0.01311,0.10905,0.00240,0.00980,0.01830,0.00737,0.05018
0.15556,0.15556,0.11800,0.08905,0.02944,0.01390,0.03300,0.01470,0.04057,0.03286,0.09097,0.09097,0.09097,0.08988,0.07671,0.07320,0.00095,0.08905,0.08834,0.11498,0.07700,0.07588,0.04304,0.03082
0.08889,0.08889,0.07200,0.03991,0.02008,0.02420,0.04609,0.00613,0.02659,0.01939,0.01806,0.01806,0.01806,0.04149,0.02588,0.07320,0.01860,0.04142,0.03193,0.05202,0.04658,0.04364,0.01680,0.03082
0.17778,0.17778,0.13444,0.10358,0.02365,0.01503,0.02415,0.01820,0.03439,0.02723,0.11111,0.11111,0.11111,0.10438,0.09022,0.09477,0.01349,0.10357,0.10726,0.08647,0.09517,0.09495,0.06140,0.05018
0.00000,0.00000,0.00244,0.00805,0.00620,0.04060,0.05691,0.06277,0.01313,0.00552,0.00000,0.00000,0.00000,0.00761,0.01437,0.02288,0.07040,0.00781,0.06293,0.00327,0.00431,0.04716,0.02911,0.03584
0.06667,0.06667,0.06044,0.01999,0.00488,0.01170,0.01458,0.04444,0.00681,0.00455,0.00494,0.00494,0.00494,0.02159,0.00144,0.06993,0.04444,0.02150,0.01411,0.03370,0.02752,0.05882,0.05495,0.01649
0.08889,0.08889,0.06578,0.04691,0.03820,0.02950,0.05926,0.01225,0.05310,0.04176,0.03951,0.03681,0.03951,0.04853,0.04001,0.05621,0.00331,0.04834,0.03080,0.05376,0.05340,0.00976,0.01483,0.03154
0.04444,0.04444,0.03756,0.02737,0.02888,0.01130,0.01481,0.03087,0.04315,0.03145,0.03137,0.03098,0.03137,0.02815,0.02516,0.06078,0.04173,0.02777,0.02961,0.02567,0.02573,0.07083,0.02911,0.05161
0.02222,0.02222,0.01178,0.02222,0.02222,0.01895,0.00721,0.00144,0.02218,0.02222,0.02222,0.02222,0.02222,0.02222,0.02222,0.02222,0.00041,0.02222,0.02222,0.02222,0.02222,0.04242,0.05181,0.02222
0.00000,0.00000,0.00111,0.01487,0.00131,0.03694,0.06667,0.06667,0.00522,0.00198,0.00000,0.00000,0.00000,0.01469,0.02678,0.02745,0.06667,0.01489,0.06667,0.01222,0.01232,0.00074,0.02976,0.05591
0.02222,0.02222,0.01644,0.02907,0.03088,0.07473,0.03128,0.02486,0.02714,0.02285,0.02222,0.02222,0.02222,0.02952,0.03918,0.04837,0.03340,0.02892,0.02604,0.02153,0.02714,0.03068,0.00872,0.07240
0.13333,0.13333,0.10000,0.07134,0.03254,0.05072,0.01192,0.02723,0.04043,0.03201,0.06875,0.06875,0.06875,0.07267,0.05916,0.07386,0.03729,0.07240,0.06486,0.09178,0.09037,0.04406,0.03011,0.03369
0.08889,0.08889,0.07089,0.04327,0.02278,0.01271,0.09171,0.05775,0.03711,0.02717,0.02431,0.02430,0.02431,0.04290,0.03166,0.00654,0.06004,0.04293,0.08646,0.04831,0.04787,0.03465,0.00521,0.03584
0.17778,0.17778,0.13667,0.10444,0.02386,0.01810,0.00702,0.02663,0.02728,0.02186,0.10903,0.10903,0.10903,0.10509,0.09034,0.09412,0.03561,0.10443,0.10809,0.10569,0.10779,0.09117,0.06777,0.04731
0.00000,0.00000,0.00111,0.01572,0.00896,0.02275,0.00392,0.00288,0.00652,0.00258,0.00000,0.00000,0.00000,0.01444,0.02690,0.02680,0.00593,0.01519,0.08889,0.01117,0.01155,0.00930,0.01806,0.05305
0.00000,0.00000,0.00356,0.00318,0.00422,0.00160,0.05185,0.04929,0.01611,0.00685,0.00000,0.00000,0.00000,0.00248,0.00626,0.02026,0.05381,0.00297,0.07629,0.00036,0.00046,0.07144,0.03591,0.02437
0.00000,0.00000,0.00000,0.00999,0.00303,0.00282,0.04074,0.05053,0.00968,0.00419,0.00000,0.00000,0.00000,0.00974,0.01867,0.02484,0.05808,0.01023,0.07938,0.00942,0.00941,0.03929,0.01077,0.04444
0.13333,0.13333,0.09956,0.07238,0.03141,0.00399,0.01705,0.02337,0.04471,0.03585,0.07083,0.07084,0.07083,0.07367,0.06100,0.05163,0.03323,0.07303,0.05613,0.08620,0.08575,0.04159,0.02753,0.01147
0.08889,0.08889,0.06044,0.06092,0.06532,0.00718,0.09790,0.05001,0.07783,0.06902,0.06389,0.06389,0.06389,0.06230,0.06446,0.04183,0.05156,0.06130,0.02017,0.06160,0.06160,0.13476,0.08057,0.04373
0.17778,0.17778,0.12978,0.10769,0.05718,0.04372,0.00875,0.01675,0.06933,0.05858,0.12361,0.12361,0.12361,0.10830,0.09906,0.07582,0.02781,0.10766,0.10551,0.08057,0.09379,0.07610,0.04965,0.04229
0.15556,0.15556,0.11444,0.10344,0.08699,0.00565,0.01893,0.00022,0.09721,0.08477,0.11597,0.11597,0.11597,0.10439,0.10079,0.10392,0.00308,0.10348,0.07956,0.12256,0.12150,0.15755,0.07516,0.09032
0.06667,0.06667,0.05489,0.03679,0.03242,0.01584,0.03889,0.01331,0.04561,0.03428,0.04198,0.03889,0.04198,0.03744,0.03031,0.05686,0.01031,0.03736,0.04935,0.03536,0.03543,0.04928,0.00610,0.03441
0.08889,0.08889,0.06844,0.05430,0.04537,0.00163,0.03333,0.00264,0.06048,0.04858,0.04306,0.04306,0.04306,0.05405,0.04996,0.03529,0.00415,0.05392,0.08624,0.05092,0.05120,0.08625,0.03181,0.01505
0.11111,0.11111,0.08400,0.06334,0.04540,0.00742,0.05731,0.01659,0.05664,0.04552,0.05694,0.05695,0.05694,0.06439,0.05548,0.07778,0.00708,0.06420,0.06313,0.04677,0.05884,0.05530,0.01996,0.05090
0.08889,0.08889,0.07267,0.04365,0.01414,0.00874,0.01030,0.01352,0.03324,0.02461,0.02222,0.02222,0.02222,0.04377,0.03129,0.02876,0.01758,0.04298,0.06723,0.02922,0.03560,0.02702,0.00780,0.01362
0.17778,0.17778,0.12222,0.10265,0.06164,0.05161,0.06032,0.02761,0.08023,0.06870,0.12778,0.12778,0.12778,0.10539,0.09538,0.05425,0.02006,0.10446,0.03057,0.13392,0.13293,0.08568,0.05527,0.02294
0.02222,0.02222,0.01711,0.01766,0.01860,0.01540,0.00000,0.01672,0.03080,0.02219,0.02222,0.02222,0.02222,0.01824,0.02124,0.04314,0.01799,0.01842,0.04664,0.01812,0.01807,0.09240,0.04732,0.04946
0.02222,0.02222,0.02156,0.01937,0.02152,0.00493,0.06455,0.08632,0.03182,0.02170,0.02222,0.02222,0.02222,0.01892,0.02149,0.04183,0.08183,0.01922,0.07406,0.01538,0.01570,0.08097,0.04458,0.04373
0.02222,0.02222,0.01467,0.03020,0.02875,0.05914,0.08889,0.08889,0.02594,0.02270,0.02222,0.02223,0.02222,0.02959,0.04188,0.02680,0.08889,0.02984,0.08889,0.02719,0.02734,0.00781,0.01265,0.05305
0.08889,0.08889,0.05978,0.05262,0.05096,0.07592,0.12628,0.07992,0.07139,0.05924,0.05347,0.05347,0.05347,0.05382,0.05205,0.01569,0.08545,0.05348,0.04042,0.05571,0.05527,0.08349,0.06356,0.00430
0.08889,0.08889,0.06556,0.06183,0.06258,0.05486,0.08215,0.09188,0.07420,0.06326,0.06275,0.06274,0.06275,0.06234,0.06310,0.06275,0.09569,0.06181,0.05900,0.07109,0.06844,0.12415,0.07320,0.06022
0.02222,0.02222,0.02022,0.00128,0.01021,0.03746,0.02290,0.04364,0.02779,0.01669,0.01791,0.01791,0.01791,0.00278,0.00566,0.03464,0.05332,0.00281,0.00074,0.00174,0.00175,0.02474,0.01625,0.01219
0.02222,0.02222,0.01756,0.02116,0.02257,0.00385,0.02626,0.02302,0.03087,0.02255,0.02157,0.02157,0.02157,0.02104,0.02640,0.02157,0.02560,0.02088,0.05125,0.01666,0.01782,0.06803,0.04520,0.03011
0.04444,0.04444,0.04089,0.00516,0.00270,0.04394,0.03906,0.07541,0.01650,0.00991,0.00808,0.00808,0.00808,0.00663,0.01083,0.02680,0.09597,0.00640,0.00052,0.00623,0.00616,0.00608,0.00848,0.02222
0.11111,0.11111,0.08378,0.06917,0.05569,0.01693,0.01935,0.00065,0.06919,0.05721,0.06528,0.06528,0.06528,0.06931,0.06457,0.05752,0.00623,0.06903,0.08702,0.06457,0.06586,0.09065,0.03984,0.03728
0.15556,0.15556,0.11733,0.08076,0.00983,0.02351,0.00240,0.03646,0.01303,0.00959,0.08056,0.08055,0.08056,0.08222,0.06431,0.06993,0.04444,0.08166,0.06950,0.10494,0.10465,0.08918,0.07772,0.01649
0.08889,0.08889,0.07311,0.04716,0.02858,0.07558,0.05589,0.06587,0.03999,0.02969,0.03333,0.02716,0.03333,0.04789,0.03645,0.07582,0.08283,0.04752,0.05757,0.04814,0.04808,0.03100,0.00390,0.04229
0.00000,0.00000,0.00133,0.01615,0.00702,0.01566,0.04444,0.04444,0.00340,0.00136,0.00000,0.00000,0.00000,0.01588,0.02887,0.02810,0.04444,0.01592,0.04444,0.01463,0.01469,0.02506,0.04238,0.04444
0.02222,0.02222,0.01667,0.02325,0.02278,0.04078,0.11111,0.15658,0.02874,0.02278,0.02222,0.02222,0.02222,0.02243,0.03009,0.02288,0.16558,0.02311,0.10713,0.01974,0.01992,0.06186,0.03798,0.03584
0.02222,0.02222,0.01756,0.02116,0.02110,0.05436,0.13086,0.12128,0.03087,0.02255,0.02222,0.02222,0.02222,0.02174,0.02640,0.04444,0.12148,0.02157,0.03898,0.01666,0.01783,0.05330,0.04520,0.05520
0.04444,0.04444,0.03356,0.03522,0.03751,0.05627,0.08889,0.08282,0.04675,0.03824,0.03660,0.03660,0.03660,0.03511,0.03941,0.04314,0.08334,0.03516,0.07232,0.03543,0.03520,0.05391,0.05842,0.04946
0.13333,0.13333,0.09422,0.08032,0.06219,0.01473,0.02290,0.02155,0.08081,0.06863,0.08958,0.08958,0.08958,0.08191,0.07611,0.05752,0.02716,0.08094,0.04080,0.06419,0.07287,0.11014,0.05417,0.03728
0.02222,0.02222,0.04800,0.00893,0.00255,0.02831,0.02667,0.00893,0.00450,0.00387,0.00196,0.00196,0.00196,0.00786,0.00682,0.00000,0.02023,0.00785,0.04734,0.00523,0.00486,0.01843,0.03683,0.00269
0.02222,0.02222,0.04844,0.02438,0.01645,0.03568,0.11250,0.09627,0.05550,0.04000,0.01393,0.01885,0.01393,0.02343,0.01794,0.00000,0.09833,0.02352,0.07501,0.01789,0.01885,0.07431,0.00573,0.01212
0.02222,0.02222,0.00867,0.00394,0.00965,0.03635,0.15033,0.17904,0.00169,0.00442,0.00327,0.00326,0.00327,0.00203,0.00953,0.02222,0.16485,0.00243,0.06264,0.00028,0.00013,0.03509,0.03942,0.01347
0.02222,0.02222,0.01311,0.01645,0.01195,0.04381,0.18544,0.18126,0.01274,0.01816,0.02222,0.02222,0.02222,0.01686,0.01000,0.02222,0.18097,0.01624,0.04934,0.01662,0.01663,0.00732,0.01743,0.01077
0.02222,0.02222,0.01622,0.00342,0.00270,0.01475,0.02222,0.02222,0.01078,0.00825,0.00370,0.00555,0.00370,0.00465,0.01306,0.02222,0.02222,0.00389,0.02222,0.00383,0.00382,0.08282,0.06184,0.00539
0.00000,0.00000,0.00467,0.01059,0.02392,0.09963,0.15556,0.15556,0.02458,0.02199,0.00196,0.00196,0.00196,0.00932,0.02279,0.02222,0.15556,0.00982,0.06765,0.00717,0.00742,0.01440,0.01432,0.02088
0.02222,0.02222,0.04956,0.02964,0.02103,0.01388,0.09444,0.07345,0.03127,0.02893,0.02222,0.02222,0.02222,0.02728,0.02579,0.00000,0.07339,0.02739,0.08600,0.01815,0.01873,0.09371,0.00920,0.01616
0.02222,0.02222,0.01578,0.01437,0.03268,0.05354,0.05926,0.05094,0.02989,0.02574,0.02222,0.02223,0.02222,0.01553,0.02459,0.04444,0.05511,0.01560,0.01912,0.03165,0.02569,0.05864,0.03642,0.03906
0.04444,0.04444,0.04711,0.03521,0.03343,0.13037,0.21254,0.17359,0.04009,0.03807,0.03932,0.03098,0.03932,0.03366,0.03634,0.00000,0.17165,0.03384,0.07506,0.02759,0.02812,0.04226,0.04739,0.04781
0.02222,0.02222,0.03378,0.02651,0.03029,0.07045,0.19798,0.19175,0.03604,0.03442,0.02222,0.02222,0.02222,0.02489,0.03051,0.00000,0.17971,0.02524,0.07982,0.03022,0.02720,0.02644,0.05680,0.02963
0.00000,0.00000,0.02400,0.00565,0.00480,0.02221,0.06667,0.03627,0.02800,0.01407,0.00000,0.00000,0.00000,0.00563,0.01555,0.00000,0.02552,0.00534,0.03497,0.00556,0.00103,0.06034,0.02935,0.01549
0.02222,0.02222,0.03800,0.03099,0.03436,0.07110,0.22639,0.17837,0.03604,0.03442,0.02222,0.02222,0.02222,0.02846,0.03515,0.00000,0.16869,0.02878,0.09449,0.03130,0.02809,0.05918,0.05680,0.02963
0.08889,0.08889,0.08911,0.05937,0.01781,0.02794,0.01212,0.03245,0.03574,0.03393,0.06953,0.06953,0.06953,0.05789,0.04941,0.00000,0.02539,0.05753,0.09039,0.02638,0.03834,0.00250,0.03943,0.07475
0.06667,0.06667,0.06956,0.03181,0.00444,0.01380,0.01935,0.00326,0.00821,0.00693,0.00625,0.00625,0.00625,0.03076,0.01688,0.00000,0.01478,0.03054,0.06520,0.01914,0.02150,0.02403,0.04936,0.04444
0.00000,0.00000,0.04000,0.02494,0.01272,0.09942,0.14444,0.10759,0.01617,0.02354,0.00000,0.00000,0.00000,0.02175,0.02411,0.02222,0.10565,0.02178,0.07220,0.00241,0.00591,0.03274,0.02317,0.00202
0.00000,0.00000,0.00378,0.00654,0.00168,0.03315,0.09176,0.08562,0.00280,0.00258,0.00196,0.00196,0.00196,0.00643,0.00026,0.02222,0.07076,0.00591,0.03435,0.00448,0.00464,0.03545,0.02886,0.01279
0.00000,0.00000,0.03467,0.00522,0.00169,0.05691,0.06667,0.06303,0.00450,0.00387,0.00000,0.00000,0.00000,0.00485,0.02148,0.00000,0.06610,0.00474,0.02129,0.00060,0.00051,0.00028,0.03683,0.02626
0.04444,0.04444,0.05489,0.01897,0.00597,0.00969,0.02083,0.00750,0.01270,0.01146,0.00498,0.00498,0.00498,0.01944,0.00517,0.00000,0.00870,0.01937,0.02975,0.00653,0.02653,0.01754,0.03042,0.02357
0.06667,0.06667,0.12311,0.08456,0.00000,0.00334,0.00000,0.03502,0.00013,0.00000,0.06667,0.06666,0.06667,0.08036,0.06913,0.00000,0.03044,0.07962,0.14471,0.03213,0.03840,0.07226,0.11673,0.04040
0.04444,0.04444,0.03222,0.01669,0.01997,0.01063,0.05397,0.06145,0.02741,0.02504,0.01481,0.01481,0.01481,0.01693,0.01556,0.00000,0.05452,0.01722,0.04786,0.02024,0.01837,0.00980,0.01768,0.04512
0.00000,0.00000,0.00356,0.00322,0.01067,0.03952,0.13333,0.13333,0.00544,0.00289,0.00261,0.00261,0.00261,0.00223,0.01595,0.02222,0.13333,0.00282,0.06831,0.00239,0.00281,0.01237,0.00100,0.02222
0.04444,0.04444,0.06378,0.05154,0.04362,0.08089,0.19487,0.17380,0.06482,0.06275,0.04444,0.04444,0.04444,0.04895,0.05246,0.00000,0.17223,0.04897,0.09798,0.04620,0.04660,0.00872,0.06972,0.04646
0.02222,0.02222,0.03667,0.02005,0.01954,0.02699,0.05735,0.06588,0.02663,0.02417,0.01347,0.01347,0.01347,0.01865,0.01824,0.00000,0.05516,0.01890,0.07208,0.01620,0.01656,0.01472,0.01083,0.02020
0.00000,0.00000,0.04578,0.01610,0.00898,0.01850,0.07619,0.04741,0.01864,0.01692,0.00654,0.00653,0.00654,0.01467,0.00619,0.00000,0.04501,0.01475,0.05889,0.00596,0.00834,0.06264,0.00423,0.01684
0.06667,0.06667,0.06778,0.04490,0.02531,0.06273,0.09032,0.08088,0.04249,0.04028,0.03656,0.03656,0.03656,0.04345,0.03920,0.00000,0.07355,0.04335,0.08845,0.02665,0.03332,0.02937,0.02100,0.05926
0.02222,0.02222,0.01022,0.00522,0.00323,0.08864,0.15556,0.15556,0.02577,0.02148,0.01458,0.01031,0.01458,0.00677,0.00642,0.02222,0.15556,0.00612,0.06993,0.00747,0.00742,0.01339,0.00022,0.00269
0.02222,0.02222,0.02022,0.02437,0.03414,0.13020,0.20000,0.20000,0.02712,0.02699,0.02222,0.02222,0.02222,0.02304,0.03547,0.00000,0.20000,0.02360,0.08709,0.02219,0.02224,0.02849,0.03697,0.04175
0.04444,0.04444,0.03244,0.02199,0.01065,0.01810,0.04444,0.04444,0.02095,0.01747,0.01765,0.01765,0.01765,0.02351,0.00698,0.04444,0.04444,0.02282,0.04444,0.02393,0.02383,0.06424,0.05897,0.01953
0.02222,0.02222,0.02444,0.02205,0.02868,0.04602,0.20855,0.16692,0.02070,0.01901,0.02026,0.02026,0.02026,0.02051,0.02908,0.00000,0.15101,0.02099,0.08255,0.01647,0.01686,0.03377,0.05227,0.03502
0.00000,0.00000,0.00556,0.01697,0.03450,0.05330,0.06667,0.06667,0.00644,0.00715,0.00000,0.00000,0.00000,0.01542,0.03259,0.00000,0.06667,0.01618,0.06667,0.01580,0.01585,0.03426,0.02677,0.02626
0.02222,0.02222,0.06467,0.02254,0.00000,0.00101,0.00000,0.00000,0.00013,0.00000,0.00000,0.00000,0.00000,0.02198,0.00488,0.00000,0.00000,0.02178,0.04748,0.01868,0.01915,0.07194,0.08884,0.00000
0.06667,0.06667,0.08556,0.04879,0.00534,0.01540,0.05719,0.03313,0.01029,0.00907,0.00625,0.00625,0.00625,0.04575,0.03447,0.00000,0.02409,0.04540,0.11235,0.01914,0.02445,0.03187,0.05610,0.04444
0.08889,0.08889,0.09178,0.05267,0.00198,0.01493,0.02222,0.00129,0.00408,0.00366,0.02437,0.02437,0.02437,0.05103,0.03689,0.00000,0.00926,0.05058,0.07840,0.03221,0.03444,0.07207,0.08291,0.06532
0.04444,0.04444,0.03889,0.01696,0.01612,0.02721,0.06061,0.04441,0.02306,0.02046,0.01046,0.01046,0.01046,0.01645,0.01185,0.00000,0.02943,0.01664,0.06170,0.01371,0.01362,0.02168,0.01177,0.03838
0.00000,0.00000,0.03467,0.00976,0.01009,0.00048,0.09032,0.06449,0.03898,0.02425,0.00539,0.00539,0.00539,0.00830,0.00280,0.00000,0.05168,0.00853,0.07793,0.00617,0.00619,0.07923,0.01908,0.01145
0.06667,0.06667,0.05111,0.04218,0.04267,0.08459,0.15556,0.12858,0.04692,0.04529,0.04274,0.03367,0.04274,0.04059,0.04515,0.00000,0.11897,0.04076,0.07959,0.03438,0.03612,0.03501,0.06081,0.07407
0.08889,0.08889,0.08222,0.05614,0.02370,0.06099,0.14444,0.11389,0.04204,0.04007,0.05305,0.05305,0.05305,0.05477,0.04846,0.00000,0.10850,0.05450,0.07357,0.04858,0.05029,0.01569,0.02859,0.07879
0.11111,0.11111,0.09400,0.07953,0.05797,0.10595,0.14688,0.12688,0.09602,0.09358,0.11111,0.11111,0.11111,0.07763,0.07906,0.00000,0.11918,0.07733,0.09827,0.11277,0.11080,0.00539,0.09165,0.11313
0.00000,0.00000,0.01533,0.01646,0.02268,0.04695,0.20889,0.19464,0.02408,0.02305,0.00875,0.00876,0.00875,0.01528,0.02568,0.00000,0.17844,0.01587,0.08262,0.00974,0.01324,0.01263,0.04700,0.01549
0.08889,0.08889,0.07956,0.03970,0.00180,0.01749,0.02222,0.02222,0.00408,0.00368,0.00287,0.00328,0.00287,0.03999,0.02346,0.00000,0.02222,0.03965,0.04677,0.03221,0.03378,0.07739,0.08136,0.06532
0.02222,0.02222,0.07133,0.05139,0.02964,0.03521,0.14624,0.11673,0.05943,0.05699,0.02222,0.02222,0.02222,0.04861,0.04752,0.00000,0.11485,0.04851,0.08558,0.04791,0.04812,0.03983,0.04553,0.01481
0.04444,0.04444,0.01067,0.00482,0.01526,0.01049,0.11981,0.09527,0.02108,0.01438,0.03137,0.03137,0.03137,0.00829,0.00593,0.04444,0.09244,0.00820,0.05029,0.02926,0.02557,0.04448,0.01661,0.04781
0.02222,0.02222,0.01444,0.00834,0.00534,0.02292,0.13333,0.13333,0.01414,0.01707,0.02222,0.02222,0.02222,0.00928,0.00398,0.02222,0.13333,0.00858,0.06325,0.00783,0.00792,0.02216,0.00796,0.00135
0.00000,0.00000,0.02267,0.00111,0.01847,0.00904,0.07593,0.05184,0.02164,0.01523,0.00000,0.00000,0.00000,0.00112,0.00377,0.04444,0.05554,0.00120,0.04299,0.02463,0.01443,0.05521,0.03043,0.00741
0.04444,0.04444,0.07311,0.05736,0.04045,0.04926,0.07957,0.08001,0.07076,0.06846,0.04444,0.04445,0.04444,0.05442,0.05610,0.00000,0.06100,0.05433,0.10936,0.02878,0.03430,0.05038,0.06512,0.04242
0.08889,0.08889,0.05356,0.02844,0.00322,0.04065,0.07312,0.06668,0.00273,0.00847,0.01219,0.01712,0.01219,0.02850,0.02136,0.02222,0.07357,0.02829,0.02383,0.02230,0.02360,0.00668,0.00541,0.08148
0.04444,0.04444,0.02378,0.03457,0.02976,0.01755,0.03728,0.00159,0.05269,0.04600,0.04444,0.04444,0.04444,0.03554,0.03276,0.04444,0.00943,0.03508,0.01338,0.03655,0.03627,0.05866,0.02629,0.04108
0.02222,0.02222,0.03044,0.03114,0.04256,0.12306,0.20000,0.16397,0.03686,0.03519,0.02222,0.02222,0.02222,0.02912,0.04009,0.00000,0.15554,0.02956,0.09672,0.03157,0.03065,0.05243,0.05893,0.03771
0.02222,0.02222,0.05867,0.03659,0.02203,0.01012,0.09444,0.08215,0.06775,0.05152,0.02222,0.02222,0.02222,0.03484,0.03139,0.00000,0.07512,0.03484,0.07951,0.01513,0.02415,0.03371,0.02263,0.01347
0.02222,0.02222,0.02756,0.02127,0.02617,0.06724,0.13047,0.15546,0.05354,0.03903,0.02222,0.02222,0.02222,0.02045,0.02588,0.00000,0.14637,0.02086,0.07228,0.01719,0.01915,0.03944,0.05679,0.03098
