# FH-CC,FH-AC,FH-PCC,FH-PAC,FH-EM,FH-HDX-8b,FH-CDFX-100b-L1,FH-HDy-8b,FH-CDFy-100b-L1,FH-FriedmanME-L1,FH-EDX,FH-EDy,FH-CvMy,FH-PWKQuantifier
0.26531,0.24688,0.36308,0.30766,0.25312,0.44205,0.62661,0.22273,0.23474,0.36041,0.58316,0.30969,0.43750,0.21945
0.08844,0.12236,0.13095,0.14354,0.06060,0.25908,0.38081,0.18576,0.10760,0.08211,0.35789,0.13472,0.18795,0.06277
0.11565,0.07917,0.14128,0.08423,0.13024,0.23954,0.30032,0.09587,0.08286,0.11379,0.35746,0.08899,0.18573,0.21701
0.14966,0.12534,0.13475,0.08775,0.17933,0.20948,0.29746,0.11215,0.10902,0.15151,0.27432,0.08916,0.31290,0.19206
0.23129,0.17474,0.18550,0.14810,0.17520,0.20086,0.21915,0.10344,0.15705,0.17257,0.23169,0.15053,0.20037,0.29903
0.21088,0.20466,0.26661,0.23333,0.23907,0.28802,0.31609,0.22171,0.24388,0.28946,0.32905,0.23598,0.25259,0.35114
0.13605,0.16868,0.20290,0.18640,0.22050,0.19817,0.24503,0.18370,0.19773,0.23552,0.27657,0.19091,0.16956,0.20477
0.14966,0.08225,0.11388,0.05488,0.10262,0.25001,0.35121,0.01753,0.10675,0.09704,0.35292,0.05901,0.26484,0.12279
0.13605,0.16421,0.13841,0.14304,0.10812,0.17459,0.22716,0.05225,0.11880,0.08187,0.25480,0.13917,0.18648,0.09952
0.21769,0.28835,0.23849,0.30567,0.20897,0.23809,0.29737,0.28517,0.28267,0.30492,0.36839,0.30483,0.22251,0.26312
0.11565,0.10238,0.17472,0.13636,0.16128,0.28622,0.31121,0.14350,0.14521,0.19008,0.31512,0.14334,0.20439,0.23162
0.21769,0.15098,0.25244,0.20759,0.22957,0.35248,0.33819,0.21691,0.20540,0.18587,0.33344,0.21076,0.34529,0.28237
0.15646,0.14840,0.13963,0.12879,0.18685,0.24193,0.27918,0.14473,0.14010,0.14428,0.31613,0.13253,0.21599,0.20846
0.15646,0.16915,0.15277,0.12318,0.07870,0.23597,0.35150,0.12641,0.13350,0.09293,0.39616,0.12266,0.20202,0.15521
0.14286,0.17457,0.13511,0.11290,0.05942,0.23139,0.37611,0.15546,0.13439,0.10516,0.43745,0.11584,0.10375,0.07723
0.21088,0.17768,0.18283,0.13478,0.18995,0.26831,0.38005,0.11424,0.15771,0.20783,0.40701,0.13788,0.30556,0.26694
0.16327,0.18705,0.18237,0.17376,0.10247,0.32781,0.47301,0.18322,0.18771,0.16575,0.44007,0.17213,0.33819,0.19822
0.28571,0.26733,0.34042,0.27360,0.28881,0.24391,0.26685,0.31196,0.28327,0.26175,0.27002,0.27709,0.24749,0.31004
0.07483,0.07463,0.08304,0.04273,0.08594,0.05704,0.19432,0.06175,0.04785,0.08873,0.22214,0.04531,0.15637,0.07615
0.18367,0.21930,0.20025,0.18670,0.12924,0.35533,0.43012,0.18140,0.19465,0.19812,0.52978,0.18441,0.19613,0.19361
0.10204,0.11971,0.08076,0.07321,0.10456,0.12275,0.16374,0.09731,0.07461,0.07508,0.16123,0.07709,0.07603,0.15233
0.19048,0.10067,0.12324,0.03483,0.15443,0.13951,0.22944,0.04716,0.09551,0.15901,0.23138,0.03836,0.26420,0.16860
0.07483,0.11180,0.07745,0.09275,0.09536,0.19190,0.28248,0.12533,0.10013,0.16292,0.25100,0.08898,0.15097,0.08537
0.18367,0.14018,0.22584,0.16662,0.25459,0.28874,0.30250,0.18062,0.15015,0.21207,0.39804,0.16195,0.37968,0.11590
0.18367,0.14771,0.20452,0.18444,0.18055,0.32964,0.43743,0.14907,0.16272,0.25097,0.40227,0.18173,0.31594,0.19806
0.10204,0.13064,0.14128,0.11480,0.13722,0.20734,0.17327,0.13817,0.11307,0.13385,0.21536,0.12095,0.20298,0.27194
0.16327,0.23724,0.19124,0.23506,0.15965,0.22390,0.36564,0.21883,0.23975,0.28242,0.39773,0.23660,0.22152,0.22350
0.02721,0.06310,0.07133,0.06016,0.09318,0.17359,0.20336,0.06321,0.06143,0.17249,0.23489,0.06128,0.15521,0.11229
0.21088,0.18516,0.19561,0.18111,0.15915,0.29847,0.36812,0.16536,0.17399,0.25339,0.36692,0.18408,0.29600,0.30960
0.10884,0.07158,0.14145,0.08348,0.10829,0.19425,0.15589,0.11816,0.07670,0.06748,0.16428,0.08292,0.18422,0.14874
0.11565,0.09927,0.11462,0.08615,0.08023,0.24300,0.32944,0.12716,0.08742,0.13908,0.38795,0.08716,0.15305,0.14459
0.22449,0.20462,0.18479,0.19381,0.21747,0.29460,0.37892,0.11438,0.21488,0.34484,0.38353,0.20120,0.35676,0.32037
0.18367,0.15967,0.25493,0.19378,0.22939,0.24393,0.28792,0.20072,0.14767,0.28084,0.29955,0.19809,0.22471,0.20190
0.25170,0.24996,0.19318,0.18651,0.16519,0.23310,0.30322,0.14305,0.16174,0.14449,0.39127,0.18696,0.20235,0.16134
0.07483,0.08800,0.07966,0.07395,0.05684,0.16556,0.37182,0.10234,0.05404,0.12685,0.30314,0.07332,0.14812,0.03902
0.25850,0.24777,0.30750,0.28759,0.25126,0.32151,0.37685,0.26689,0.24154,0.27340,0.37675,0.28955,0.35149,0.20078
0.19048,0.17804,0.17428,0.15825,0.17240,0.21841,0.25235,0.13224,0.14425,0.21061,0.25658,0.16018,0.26547,0.25759
0.14286,0.14097,0.16479,0.13574,0.15865,0.19954,0.26422,0.10679,0.13217,0.15428,0.25693,0.13995,0.22982,0.23310
0.17687,0.18845,0.19753,0.19113,0.18195,0.34925,0.42040,0.19460,0.19216,0.14329,0.39912,0.19514,0.26025,0.33557
0.16327,0.13390,0.14428,0.16020,0.20230,0.40004,0.53966,0.09230,0.14921,0.31992,0.55065,0.16474,0.43115,0.27336
0.06803,0.11899,0.10237,0.09690,0.15261,0.27829,0.31954,0.10025,0.09426,0.12590,0.37627,0.09992,0.20594,0.21056
0.12245,0.14898,0.08997,0.11109,0.10709,0.19401,0.24314,0.15569,0.11419,0.07370,0.26489,0.10804,0.13612,0.16201
0.12925,0.12337,0.11520,0.12041,0.17316,0.29883,0.41242,0.06289,0.09195,0.21182,0.41161,0.11948,0.37238,0.17850
0.28571,0.22641,0.26833,0.22840,0.27064,0.28261,0.32331,0.17030,0.26371,0.26758,0.31369,0.23289,0.36655,0.36590
0.02041,0.06913,0.03305,0.05236,0.05007,0.13354,0.16024,0.07078,0.04380,0.09814,0.14444,0.05060,0.09315,0.06935
0.20408,0.20944,0.25059,0.23118,0.22860,0.36806,0.28970,0.24613,0.23789,0.22821,0.41279,0.23393,0.26358,0.38118
0.09524,0.07225,0.09810,0.09221,0.17420,0.29070,0.45884,0.07002,0.07347,0.25951,0.43351,0.09735,0.32427,0.23277
0.12925,0.17561,0.16523,0.17846,0.17430,0.27465,0.30415,0.17258,0.19209,0.16243,0.36108,0.18084,0.17214,0.13945
0.14966,0.13641,0.25636,0.22824,0.22872,0.28661,0.34933,0.20202,0.18553,0.26433,0.35311,0.23168,0.22384,0.23512
0.13605,0.18477,0.14937,0.17997,0.13161,0.27878,0.40879,0.14631,0.18663,0.14165,0.40999,0.17794,0.20890,0.14616
0.17007,0.15263,0.20237,0.12828,0.10877,0.23878,0.26802,0.16265,0.14065,0.11004,0.29606,0.13313,0.09039,0.08398
0.18367,0.20100,0.23167,0.20002,0.13026,0.17098,0.19034,0.21176,0.22548,0.25653,0.21255,0.20203,0.25195,0.23753
0.20408,0.23669,0.25549,0.24453,0.12292,0.19724,0.26557,0.26424,0.23165,0.31031,0.38724,0.24433,0.18337,0.17938
0.25850,0.27152,0.27672,0.28909,0.26864,0.37320,0.44295,0.26117,0.27302,0.38075,0.46084,0.29138,0.39269,0.38797
0.20408,0.22995,0.25186,0.22192,0.07148,0.22543,0.35442,0.20722,0.21404,0.23248,0.44806,0.21880,0.18832,0.25901
0.23810,0.27496,0.27237,0.26228,0.24029,0.29382,0.38197,0.33181,0.27140,0.31530,0.47519,0.26800,0.29799,0.24036
0.24490,0.31259,0.30979,0.32096,0.28908,0.26478,0.31852,0.35855,0.31902,0.33302,0.32075,0.32829,0.36133,0.29195
0.30612,0.34300,0.27361,0.33184,0.29972,0.44295,0.47556,0.28308,0.31953,0.39392,0.53997,0.33546,0.41893,0.45439
0.08163,0.12927,0.12444,0.15049,0.19097,0.36421,0.40868,0.08594,0.13700,0.26397,0.43183,0.15031,0.30256,0.24955
0.04762,0.07015,0.06988,0.04824,0.04863,0.06108,0.10562,0.09603,0.05644,0.10380,0.06209,0.05265,0.04821,0.13210
0.18367,0.26314,0.19665,0.25813,0.23277,0.23520,0.26451,0.25351,0.26049,0.31589,0.29680,0.26050,0.24742,0.25974
0.08163,0.06910,0.14184,0.09092,0.10877,0.34278,0.47034,0.11636,0.07147,0.13612,0.41916,0.09671,0.26663,0.13918
0.19048,0.19243,0.21699,0.18663,0.06443,0.24538,0.42375,0.17320,0.16462,0.19524,0.47449,0.18244,0.15000,0.16883
0.18367,0.22361,0.23641,0.28818,0.33999,0.51605,0.57769,0.15679,0.22050,0.42131,0.53327,0.29267,0.47534,0.50513
0.14966,0.19150,0.15836,0.17188,0.13101,0.28539,0.26507,0.15308,0.17889,0.22457,0.31889,0.17603,0.31589,0.12733
0.34014,0.28979,0.36046,0.32075,0.30382,0.47086,0.39153,0.23320,0.30134,0.34651,0.51332,0.32318,0.45975,0.49762
0.17687,0.19661,0.20744,0.15349,0.18640,0.28016,0.35678,0.22555,0.14850,0.21647,0.36483,0.16327,0.27324,0.21770
0.21088,0.27014,0.21417,0.21656,0.11758,0.23027,0.34122,0.27279,0.21946,0.20016,0.38245,0.21698,0.23412,0.19492
0.18367,0.18393,0.23630,0.21628,0.19336,0.27631,0.51411,0.18650,0.21101,0.22886,0.39722,0.21391,0.22085,0.19609
0.06122,0.04284,0.12395,0.06153,0.08293,0.29003,0.26418,0.06437,0.05831,0.08749,0.35022,0.06283,0.16644,0.09201
0.06122,0.08523,0.05760,0.05805,0.07232,0.23318,0.29406,0.07185,0.06319,0.14587,0.32011,0.05835,0.15982,0.17657
0.07483,0.14875,0.08457,0.09703,0.09054,0.14841,0.26093,0.12331,0.09401,0.14482,0.25723,0.09619,0.11166,0.15522
0.15646,0.17369,0.15510,0.18803,0.16291,0.14327,0.24327,0.16808,0.16718,0.25083,0.13927,0.18866,0.12798,0.25023
0.19728,0.17899,0.21121,0.21742,0.18812,0.40419,0.43573,0.20325,0.19649,0.20648,0.46832,0.21625,0.23659,0.30304
0.19728,0.18603,0.20315,0.14209,0.10980,0.30255,0.27665,0.09933,0.15221,0.16270,0.21032,0.13826,0.12922,0.17917
0.25850,0.24830,0.29107,0.25635,0.25001,0.46204,0.47044,0.14040,0.22840,0.31108,0.51307,0.25907,0.41820,0.42591
0.16327,0.19769,0.19508,0.20355,0.13236,0.19205,0.37922,0.23187,0.20068,0.22206,0.41162,0.21028,0.26275,0.20136
0.20408,0.30147,0.23007,0.29080,0.18641,0.24366,0.29199,0.29141,0.30663,0.31974,0.43053,0.30657,0.35783,0.28789
0.15646,0.20997,0.17168,0.16510,0.15062,0.22781,0.34463,0.23717,0.19719,0.21041,0.30837,0.16676,0.21010,0.18048
0.16327,0.23516,0.17970,0.23064,0.20111,0.32607,0.44238,0.25992,0.22316,0.28811,0.48861,0.23622,0.32058,0.17644
0.17007,0.20314,0.16981,0.21275,0.18685,0.27413,0.33210,0.21223,0.20520,0.21523,0.28566,0.20940,0.22171,0.23015
0.10204,0.08293,0.14784,0.12858,0.11975,0.27709,0.31729,0.11589,0.12736,0.18633,0.31797,0.12947,0.24012,0.18104
0.12245,0.13962,0.17389,0.13240,0.12191,0.18308,0.19870,0.18041,0.12844,0.16011,0.19671,0.13709,0.18934,0.12189
0.19048,0.16771,0.28141,0.27019,0.19007,0.43496,0.52405,0.18045,0.21647,0.34498,0.64779,0.27516,0.46321,0.19004
0.11565,0.15906,0.10937,0.16275,0.15153,0.15400,0.21361,0.14249,0.15538,0.24107,0.19678,0.16174,0.19756,0.25493
0.21769,0.31490,0.23948,0.30270,0.25017,0.28547,0.32350,0.31970,0.30081,0.34531,0.44301,0.31132,0.36722,0.26021
0.17687,0.25188,0.13563,0.20220,0.10029,0.33966,0.47757,0.17807,0.22716,0.19863,0.43771,0.19897,0.28952,0.19789
0.09524,0.10409,0.14661,0.09141,0.08746,0.21385,0.18366,0.05393,0.07571,0.11658,0.35207,0.09111,0.18004,0.22277
0.20408,0.27747,0.23783,0.25502,0.15720,0.18701,0.26802,0.27912,0.27052,0.20787,0.25875,0.26602,0.24051,0.19112
0.21769,0.23669,0.28207,0.29941,0.27876,0.41445,0.42121,0.26903,0.26854,0.29170,0.46245,0.30285,0.39730,0.18078
0.08844,0.14335,0.10753,0.13486,0.09381,0.20496,0.32978,0.16792,0.12287,0.16440,0.17941,0.13155,0.18667,0.18454
0.06803,0.15402,0.09957,0.11941,0.08235,0.27459,0.40463,0.14660,0.12799,0.16946,0.40405,0.12758,0.19487,0.12111
0.15646,0.17147,0.19185,0.17621,0.11286,0.20650,0.23408,0.24522,0.17941,0.19939,0.28818,0.17568,0.15225,0.18347
0.38095,0.40447,0.37121,0.38966,0.34352,0.52315,0.48827,0.27463,0.39181,0.44560,0.57705,0.39512,0.49501,0.56684
0.18367,0.17387,0.21163,0.17066,0.16888,0.26197,0.32411,0.20457,0.18496,0.14678,0.32004,0.17856,0.19851,0.15135
0.06803,0.11959,0.04118,0.11146,0.13361,0.24833,0.25429,0.08647,0.11708,0.20647,0.27475,0.11213,0.17715,0.20263
0.28571,0.31105,0.31982,0.28519,0.09937,0.24710,0.30276,0.24408,0.28696,0.36060,0.38403,0.28541,0.27160,0.28669
0.19048,0.29879,0.21084,0.28636,0.20272,0.31825,0.38196,0.28505,0.29862,0.26655,0.38693,0.29602,0.31069,0.20986
0.18367,0.14833,0.25031,0.17165,0.14109,0.33059,0.50221,0.10474,0.18650,0.23636,0.50796,0.17377,0.39068,0.24164
0.29252,0.36639,0.33515,0.38089,0.33929,0.36416,0.49715,0.42884,0.40077,0.41610,0.56092,0.38837,0.47905,0.35892
