# CC,BBSL-HD,BBSL-L1,BBSL-L2,AC-HD,AC-L1,AC-L2,PCC,PAC-HD,PAC-L1,PAC-L2,EM,HDX-8b,CDFX-100b-L1,CDFX-100b-L2,HDy-8b,MMy-100,CDFy-100b-L1,CDFy-100b-L2,FriedmanME-HD,FriedmanME-L1,FriedmanME-L2,EDX,EDy,CvMy,REGX,REGy,PWKQuantifier
0.00000,0.03883,0.34074,0.19897,0.03882,0.03883,0.03883,0.01181,0.02931,0.02932,0.02932,0.00308,0.02139,0.04916,0.03405,0.04067,0.02420,0.02420,0.02939,0.03010,0.02276,0.01940,0.06903,0.02837,0.06437,0.04142,0.02299,0.05238
0.04444,0.07408,0.24646,0.17778,0.07407,0.07407,0.07407,0.03375,0.06039,0.06040,0.06040,0.04090,0.03822,0.02963,0.03092,0.07622,0.05977,0.05977,0.06014,0.07502,0.07454,0.06759,0.02623,0.06025,0.04313,0.04302,0.07020,0.02963
0.00000,0.00920,0.07407,0.08889,0.00920,0.00920,0.00920,0.01144,0.00955,0.00955,0.00955,0.00362,0.03761,0.01481,0.01304,0.01591,0.00920,0.00920,0.01008,0.01245,0.00874,0.00725,0.04113,0.00982,0.14935,0.04835,0.03278,0.01217
0.01481,0.07816,0.31685,0.17778,0.07816,0.07816,0.07816,0.00601,0.05862,0.05861,0.05861,0.02312,0.03660,0.02963,0.04796,0.01560,0.05773,0.05773,0.05825,0.04943,0.04391,0.04267,0.07901,0.05736,0.01526,0.01786,0.02156,0.07989
0.01481,0.04239,0.23704,0.12173,0.04239,0.04240,0.04240,0.01606,0.01361,0.01362,0.01362,0.00314,0.00192,0.01019,0.01708,0.02707,0.01290,0.01290,0.01529,0.02852,0.02282,0.01139,0.02465,0.01502,0.12720,0.01272,0.03182,0.03386
0.04444,0.07306,0.32593,0.07111,0.07306,0.07305,0.07305,0.02784,0.04900,0.04900,0.04900,0.02924,0.01661,0.01481,0.02531,0.03266,0.05057,0.05057,0.04997,0.04391,0.04645,0.04421,0.03768,0.04944,0.02724,0.03447,0.05009,0.03122
0.00000,0.01635,0.14815,0.20741,0.01635,0.01635,0.01635,0.01030,0.01680,0.01681,0.01681,0.00240,0.01398,0.01389,0.01440,0.03252,0.01635,0.01635,0.01652,0.02009,0.01628,0.01281,0.02877,0.01632,0.13210,0.01149,0.01924,0.02222
0.00000,0.03474,0.31111,0.13535,0.03474,0.03474,0.03474,0.01988,0.01306,0.01305,0.01305,0.00838,0.01200,0.01046,0.01260,0.06265,0.01866,0.01866,0.01401,0.02297,0.01882,0.00675,0.00857,0.01310,0.04602,0.01565,0.02530,0.04709
0.00000,0.03780,0.31111,0.07407,0.03781,0.03780,0.03780,0.01636,0.02366,0.02364,0.02364,0.00223,0.02462,0.00049,0.00171,0.05195,0.02452,0.02452,0.02345,0.02388,0.01261,0.01022,0.02152,0.02299,0.07054,0.02279,0.01643,0.05026
0.02963,0.05620,0.20741,0.16486,0.05619,0.05619,0.05619,0.00961,0.03161,0.03162,0.03162,0.02285,0.04097,0.03018,0.03888,0.02054,0.03556,0.03556,0.03240,0.04512,0.03550,0.03205,0.04414,0.03222,0.06893,0.01679,0.02240,0.02857
0.00000,0.01124,0.20741,0.10370,0.01110,0.00000,0.02761,0.03049,0.00015,0.00093,0.01744,0.00016,0.01658,0.00000,0.00303,0.03019,0.00000,0.00000,0.01605,0.01287,0.00000,0.01564,0.00151,0.01646,0.03647,0.02983,0.05153,0.00000
0.00000,0.01481,0.15484,0.08889,0.01481,0.01481,0.03752,0.02778,0.01481,0.01481,0.02695,0.00115,0.02126,0.01481,0.01481,0.02795,0.01481,0.01481,0.02499,0.02009,0.03463,0.02464,0.01887,0.02540,0.00496,0.02327,0.04937,0.01481
0.02963,0.08480,0.40526,0.23704,0.08480,0.08480,0.08480,0.01908,0.07410,0.07411,0.07411,0.02997,0.01078,0.00635,0.03064,0.03296,0.06963,0.06963,0.07575,0.07001,0.06733,0.06200,0.02501,0.07503,0.02116,0.04958,0.05619,0.06614
0.02963,0.01942,0.31111,0.10078,0.01941,0.01941,0.01941,0.02207,0.00412,0.00411,0.00411,0.00829,0.01709,0.00174,0.01089,0.03824,0.00296,0.00296,0.00262,0.01405,0.01221,0.00960,0.00560,0.00365,0.03354,0.00936,0.01792,0.01481
0.07407,0.08324,0.25185,0.15541,0.08327,0.08327,0.08327,0.05449,0.05309,0.05309,0.05309,0.03962,0.00570,0.04255,0.05653,0.06367,0.05580,0.05580,0.05285,0.06034,0.05933,0.05833,0.06162,0.05366,0.01648,0.01114,0.03214,0.00053
0.01481,0.07918,0.28722,0.16296,0.07919,0.07918,0.07918,0.00477,0.07015,0.07014,0.07014,0.02530,0.04363,0.04722,0.04986,0.01881,0.06321,0.06321,0.07097,0.06157,0.06059,0.05451,0.06437,0.07019,0.04327,0.03986,0.03856,0.08148
0.01481,0.02605,0.27609,0.28148,0.02605,0.02605,0.02605,0.01237,0.02118,0.02117,0.02117,0.01279,0.02221,0.01635,0.00979,0.04202,0.02328,0.02328,0.02022,0.02623,0.02809,0.02338,0.01919,0.02054,0.07804,0.01172,0.03265,0.01323
0.13333,0.13741,0.14815,0.14815,0.13741,0.13742,0.13742,0.10822,0.09908,0.09908,0.09908,0.07799,0.02613,0.06724,0.07081,0.14461,0.10963,0.10963,0.10094,0.12547,0.14575,0.13557,0.07354,0.10148,0.04941,0.04392,0.12772,0.02116
0.00000,0.04444,0.16057,0.08889,0.04444,0.04444,0.05589,0.03308,0.04149,0.04149,0.04149,0.00182,0.04037,0.03292,0.03622,0.03150,0.04444,0.04444,0.04287,0.00648,0.03644,0.01835,0.04444,0.04195,0.01893,0.01838,0.05871,0.04444
0.00000,0.03168,0.26667,0.11256,0.03167,0.03167,0.03167,0.00837,0.02569,0.02571,0.02571,0.00121,0.03210,0.00099,0.00686,0.04213,0.01992,0.01992,0.02716,0.02790,0.01522,0.01385,0.03713,0.02561,0.08836,0.01559,0.01521,0.04233
0.02963,0.08889,0.36129,0.22222,0.08889,0.08889,0.08962,0.02240,0.08628,0.08628,0.08628,0.03450,0.09234,0.07356,0.07413,0.05667,0.08889,0.08889,0.08700,0.09272,0.08702,0.07808,0.07030,0.08638,0.06859,0.04814,0.05848,0.07302
0.01481,0.02300,0.32593,0.22578,0.02299,0.02299,0.02299,0.01430,0.01683,0.01683,0.01683,0.01050,0.04102,0.00409,0.00429,0.04857,0.02299,0.02299,0.01679,0.01398,0.02963,0.02044,0.01060,0.01584,0.02742,0.04212,0.00993,0.01270
0.01481,0.03321,0.13333,0.17778,0.03321,0.03321,0.03321,0.00976,0.02749,0.02749,0.02749,0.01939,0.01766,0.02370,0.01920,0.02644,0.02708,0.02708,0.02811,0.03841,0.03230,0.02932,0.02389,0.02779,0.10797,0.02193,0.00645,0.02063
0.07407,0.10676,0.32593,0.16823,0.10678,0.10677,0.10677,0.05068,0.07537,0.07537,0.07537,0.05602,0.01096,0.05086,0.05175,0.05297,0.07210,0.07210,0.07504,0.06888,0.07134,0.06882,0.07621,0.07562,0.03857,0.02842,0.06464,0.02857
0.00000,0.05722,0.44444,0.22222,0.05721,0.05722,0.05722,0.01739,0.04382,0.04383,0.04383,0.00544,0.03791,0.00926,0.04002,0.04125,0.03985,0.03985,0.04246,0.03539,0.02362,0.02336,0.03942,0.04221,0.05850,0.01967,0.01984,0.05926
0.08889,0.08993,0.26667,0.14156,0.08992,0.08991,0.08991,0.06733,0.05730,0.05730,0.05730,0.03726,0.03562,0.05556,0.07576,0.08547,0.06864,0.06864,0.05816,0.07704,0.08141,0.07781,0.08483,0.05863,0.04189,0.03439,0.06753,0.01534
0.00000,0.05914,0.09845,0.05926,0.05916,0.05926,0.05926,0.02163,0.05822,0.05847,0.05847,0.00043,0.02161,0.02820,0.04496,0.01017,0.05670,0.05670,0.05926,0.02818,0.02951,0.03086,0.05926,0.05901,0.01600,0.05079,0.05584,0.05926
0.08889,0.13333,0.31111,0.28441,0.13333,0.13333,0.13606,0.05790,0.10590,0.10588,0.10588,0.09436,0.12317,0.11019,0.11582,0.09212,0.11111,0.11111,0.10669,0.13443,0.12212,0.11902,0.13333,0.10653,0.06546,0.09235,0.10574,0.04603
0.00000,0.06642,0.29630,0.14815,0.06641,0.06641,0.06641,0.01259,0.05567,0.05568,0.05568,0.01205,0.03710,0.05698,0.07407,0.02696,0.04598,0.04598,0.05615,0.03740,0.03156,0.03032,0.07407,0.05520,0.04131,0.00952,0.00430,0.07407
0.01481,0.00358,0.34074,0.05926,0.00358,0.00358,0.00358,0.01456,0.00999,0.01000,0.01000,0.00834,0.04724,0.00765,0.00463,0.04844,0.00106,0.00106,0.00854,0.01418,0.02082,0.00746,0.01115,0.00926,0.05467,0.01934,0.01861,0.01270
0.01481,0.06794,0.39904,0.20741,0.06795,0.06794,0.06794,0.00573,0.05768,0.05768,0.05768,0.01936,0.03804,0.04306,0.06567,0.02010,0.05481,0.05481,0.05674,0.04811,0.05199,0.04541,0.10967,0.05588,0.05395,0.04358,0.05893,0.06825
0.00000,0.01022,0.45253,0.13870,0.01022,0.01022,0.01022,0.00369,0.01001,0.01000,0.01000,0.00272,0.00869,0.01667,0.01021,0.04755,0.01022,0.01022,0.00923,0.00901,0.02082,0.00756,0.01792,0.00848,0.04831,0.01993,0.01536,0.01693
0.04444,0.04853,0.32593,0.17726,0.04855,0.04853,0.04853,0.02868,0.02364,0.02363,0.02363,0.01382,0.00995,0.02448,0.01805,0.04806,0.02667,0.02667,0.02297,0.03592,0.03944,0.03584,0.02124,0.02374,0.05277,0.01025,0.02369,0.00053
0.08889,0.08173,0.11852,0.11852,0.08173,0.08174,0.08174,0.07010,0.04889,0.04890,0.04890,0.03530,0.02663,0.00613,0.01148,0.07799,0.05481,0.05481,0.04910,0.06218,0.07728,0.07095,0.00816,0.05001,0.03732,0.02351,0.07117,0.02328
0.04444,0.04548,0.34074,0.10370,0.04546,0.04547,0.04547,0.04409,0.03964,0.03963,0.03963,0.03588,0.02881,0.01353,0.00208,0.06964,0.03065,0.03065,0.03865,0.03881,0.05172,0.04452,0.01658,0.03938,0.03928,0.02537,0.03688,0.00476
0.00000,0.01226,0.25859,0.26667,0.01227,0.01226,0.01226,0.01350,0.00465,0.00464,0.00464,0.00794,0.00732,0.01086,0.03906,0.03659,0.00307,0.00307,0.00358,0.01773,0.00194,0.00180,0.08621,0.00346,0.12889,0.00742,0.03056,0.01799
0.01481,0.07714,0.34648,0.19259,0.07713,0.07714,0.07714,0.00262,0.06573,0.06573,0.06573,0.01777,0.04672,0.02918,0.06185,0.02385,0.06025,0.06025,0.06623,0.06368,0.05806,0.05297,0.05921,0.06486,0.00783,0.01073,0.03216,0.07831
0.04444,0.10473,0.29582,0.20741,0.10472,0.10473,0.10473,0.02511,0.08315,0.08316,0.08316,0.05056,0.04152,0.05812,0.06225,0.04191,0.08276,0.08276,0.08376,0.07293,0.07174,0.06975,0.08182,0.08319,0.03299,0.05852,0.06773,0.06931
0.08889,0.10117,0.19259,0.10724,0.10117,0.10115,0.10115,0.07154,0.07326,0.07296,0.07234,0.06000,0.01467,0.00349,0.04388,0.08511,0.07816,0.07816,0.07421,0.08037,0.09336,0.08653,0.03830,0.07364,0.04635,0.04722,0.09288,0.00053
0.00000,0.01481,0.16296,0.17778,0.01481,0.01481,0.01718,0.01105,0.01971,0.01971,0.01971,0.00216,0.01196,0.00515,0.01364,0.02759,0.01481,0.01481,0.01872,0.02191,0.01481,0.01481,0.04039,0.01930,0.14313,0.04202,0.02992,0.01481
0.02963,0.08889,0.26380,0.17778,0.08889,0.08889,0.09180,0.00886,0.07633,0.07634,0.07634,0.03000,0.03843,0.02876,0.03274,0.02942,0.07714,0.07714,0.07801,0.06910,0.06180,0.06080,0.03672,0.07696,0.03275,0.03504,0.02578,0.08095
0.01481,0.02197,0.04444,0.07407,0.02197,0.02197,0.02197,0.00941,0.01509,0.01509,0.01509,0.01317,0.02572,0.00659,0.02067,0.02008,0.01728,0.01728,0.01635,0.02455,0.02169,0.02045,0.05487,0.01618,0.15536,0.06549,0.04101,0.00582
0.00000,0.04292,0.37037,0.26259,0.04291,0.04291,0.04291,0.02150,0.01939,0.01940,0.01940,0.00534,0.01453,0.02469,0.03000,0.05813,0.01958,0.01958,0.02050,0.01796,0.01562,0.00610,0.04419,0.01961,0.06008,0.03560,0.01236,0.05767
0.02963,0.02963,0.35825,0.26667,0.02963,0.02963,0.02963,0.02351,0.01805,0.01806,0.01806,0.01454,0.02032,0.00889,0.01005,0.02894,0.02043,0.02043,0.01895,0.02307,0.01822,0.01809,0.01625,0.01908,0.11141,0.01307,0.03941,0.00423
0.02963,0.03474,0.19663,0.19259,0.03474,0.03474,0.03474,0.01908,0.01973,0.01972,0.01972,0.01422,0.02695,0.00067,0.02800,0.02931,0.02246,0.02246,0.02071,0.03109,0.02482,0.02363,0.09834,0.02084,0.12060,0.02987,0.03152,0.00106
0.04444,0.06385,0.28148,0.06018,0.06385,0.06386,0.06386,0.03787,0.05065,0.05066,0.05066,0.03555,0.03896,0.00741,0.02934,0.03227,0.05728,0.05728,0.05109,0.04384,0.05445,0.04787,0.01964,0.05076,0.02794,0.04040,0.05223,0.02011
0.02963,0.04598,0.42290,0.03048,0.04597,0.04598,0.04598,0.01997,0.03136,0.03137,0.03137,0.01960,0.01878,0.03426,0.04356,0.03854,0.03280,0.03280,0.03163,0.03634,0.03383,0.03098,0.04869,0.03110,0.01621,0.00859,0.02593,0.01746
0.00000,0.01124,0.16162,0.19259,0.01124,0.01124,0.01124,0.01422,0.00253,0.00253,0.00253,0.00790,0.00462,0.00926,0.00582,0.04381,0.00049,0.00049,0.00166,0.02830,0.01889,0.01342,0.02549,0.00249,0.11190,0.01379,0.03273,0.01587
0.08889,0.09502,0.25185,0.17668,0.09502,0.09502,0.09502,0.06627,0.06115,0.06116,0.06116,0.04467,0.00658,0.01823,0.02469,0.07957,0.07012,0.07012,0.06210,0.07448,0.07100,0.07076,0.01857,0.06279,0.02895,0.00891,0.04672,0.00847
0.02963,0.02248,0.20741,0.20741,0.02248,0.02248,0.02248,0.01593,0.00516,0.00517,0.00517,0.01695,0.02926,0.00741,0.03954,0.01213,0.00247,0.00247,0.00484,0.00660,0.00400,0.00144,0.08423,0.00514,0.01649,0.03975,0.02036,0.00899
0.02963,0.06335,0.05114,0.22222,0.06335,0.06335,0.06335,0.00696,0.03104,0.03103,0.03103,0.02260,0.01330,0.04931,0.05206,0.03651,0.04547,0.04547,0.03336,0.05030,0.04827,0.04647,0.06618,0.03293,0.02743,0.06033,0.05631,0.03519
0.08889,0.06284,0.15921,0.12322,0.06284,0.06284,0.06284,0.05936,0.00879,0.00881,0.00881,0.01520,0.01221,0.01481,0.02574,0.02913,0.00920,0.00920,0.00876,0.03597,0.05926,0.02124,0.03119,0.01014,0.08849,0.05631,0.04403,0.06991
0.00000,0.01381,0.05975,0.21916,0.01379,0.01379,0.01379,0.01840,0.00621,0.00619,0.00619,0.00843,0.04985,0.03435,0.05497,0.02676,0.00635,0.00635,0.00565,0.02110,0.03123,0.01939,0.05240,0.00477,0.05350,0.02011,0.01848,0.00278
0.02963,0.05415,0.05512,0.29630,0.05415,0.05415,0.05415,0.00572,0.02981,0.02981,0.02981,0.02514,0.01690,0.02824,0.04052,0.06318,0.03349,0.03349,0.02979,0.04331,0.03747,0.03670,0.05441,0.03026,0.07021,0.05808,0.06938,0.03194
0.07407,0.06032,0.13463,0.15990,0.06027,0.06028,0.06028,0.04279,0.00903,0.00903,0.00903,0.00521,0.00893,0.01627,0.02272,0.03088,0.00902,0.00902,0.01010,0.02899,0.04044,0.02283,0.04382,0.01106,0.04241,0.02934,0.02500,0.05926
0.01481,0.06386,0.03568,0.11852,0.06385,0.06386,0.06386,0.02481,0.03539,0.03540,0.03540,0.01129,0.06584,0.03683,0.04569,0.02059,0.04138,0.04138,0.03829,0.06527,0.06553,0.05872,0.05359,0.03770,0.06797,0.02687,0.03303,0.02685
0.00000,0.04599,0.05672,0.11852,0.04597,0.04598,0.04598,0.02800,0.03334,0.03334,0.03334,0.00085,0.02849,0.04609,0.07090,0.02456,0.04392,0.04392,0.03582,0.06204,0.06359,0.05229,0.08382,0.03595,0.08583,0.02924,0.03540,0.01065
0.04444,0.03525,0.08312,0.23636,0.03525,0.03525,0.03525,0.02764,0.00642,0.00642,0.00642,0.00197,0.00542,0.01481,0.01620,0.03147,0.00051,0.00051,0.00580,0.03241,0.02603,0.01309,0.03936,0.00660,0.05396,0.05334,0.03851,0.03565
0.05926,0.06537,0.05201,0.19617,0.06540,0.06539,0.06539,0.02944,0.02550,0.02550,0.02550,0.02914,0.04774,0.04237,0.02909,0.03480,0.02169,0.02169,0.02678,0.03946,0.04404,0.03480,0.04633,0.02671,0.04356,0.07030,0.01491,0.05417
0.10370,0.08229,0.17798,0.18694,0.08226,0.08225,0.08225,0.06916,0.02395,0.02395,0.02395,0.00806,0.00673,0.02716,0.02152,0.02250,0.02861,0.02861,0.02439,0.04769,0.07087,0.03237,0.03152,0.02531,0.07705,0.04702,0.03799,0.08611
0.00000,0.04598,0.08054,0.16296,0.04598,0.04598,0.04598,0.03421,0.02054,0.02054,0.02054,0.00453,0.04355,0.01193,0.03040,0.02631,0.02656,0.02656,0.02299,0.06403,0.05926,0.05143,0.02334,0.02286,0.02708,0.01946,0.01911,0.01204
0.01481,0.01636,0.01449,0.04904,0.01634,0.01635,0.01635,0.00107,0.00673,0.00673,0.00673,0.00266,0.02714,0.01201,0.02444,0.04856,0.00114,0.00114,0.00554,0.01414,0.01201,0.00906,0.00446,0.00555,0.03488,0.00770,0.01097,0.00880
0.04444,0.01073,0.12774,0.20933,0.01072,0.01073,0.01073,0.02883,0.02909,0.02910,0.02910,0.02949,0.01214,0.02963,0.02963,0.02027,0.02656,0.02656,0.02890,0.02703,0.02430,0.01903,0.02963,0.02793,0.00869,0.02570,0.04145,0.02176
0.00000,0.02146,0.05684,0.23704,0.02147,0.02146,0.02146,0.02299,0.00152,0.00153,0.00153,0.00801,0.06361,0.06335,0.08038,0.01570,0.01429,0.01429,0.00297,0.02917,0.03907,0.02777,0.06432,0.00314,0.07983,0.04041,0.04191,0.00046
0.05926,0.04546,0.11900,0.15990,0.04547,0.04547,0.04547,0.03147,0.00235,0.00235,0.00235,0.00647,0.00817,0.01317,0.02648,0.03013,0.00329,0.00329,0.00168,0.01792,0.02482,0.01416,0.01386,0.00103,0.03091,0.00252,0.01814,0.04398
0.02963,0.06029,0.04292,0.22072,0.06028,0.06028,0.06028,0.01073,0.04621,0.04619,0.04619,0.02944,0.02492,0.03441,0.03541,0.04075,0.04286,0.04286,0.04728,0.05592,0.04440,0.04312,0.06368,0.04695,0.05095,0.04535,0.04286,0.03657
0.04444,0.03985,0.07202,0.14815,0.03984,0.03985,0.03985,0.03259,0.01891,0.01890,0.01890,0.02211,0.05735,0.05432,0.05600,0.03238,0.01905,0.01905,0.01732,0.02748,0.02404,0.01697,0.07994,0.01813,0.07731,0.06526,0.00673,0.03657
0.02963,0.00255,0.11493,0.23704,0.00256,0.00255,0.00255,0.02210,0.03094,0.03095,0.03095,0.00075,0.02214,0.05926,0.05926,0.04445,0.01941,0.01941,0.03174,0.03309,0.02124,0.02072,0.05926,0.03080,0.01752,0.01641,0.04183,0.00741
0.05926,0.07457,0.03486,0.32005,0.07458,0.07458,0.07458,0.02142,0.02816,0.02815,0.02815,0.03134,0.02175,0.02057,0.02767,0.05987,0.03175,0.03175,0.02966,0.04594,0.05244,0.04371,0.01886,0.02967,0.03034,0.02322,0.07563,0.05787
0.01481,0.01328,0.07552,0.28148,0.01329,0.01328,0.01328,0.00379,0.00525,0.00526,0.00526,0.00278,0.04880,0.01133,0.03020,0.02520,0.00511,0.00511,0.00427,0.01751,0.00494,0.00456,0.01909,0.00403,0.00271,0.04066,0.02696,0.00972
0.07407,0.04037,0.16311,0.13333,0.04036,0.04036,0.04036,0.04714,0.01548,0.01548,0.01548,0.01680,0.01716,0.02074,0.03842,0.02628,0.02861,0.02861,0.01556,0.01146,0.03804,0.01364,0.04771,0.01427,0.03317,0.03173,0.02599,0.04954
0.01481,0.00511,0.02956,0.23050,0.00512,0.00511,0.00511,0.01391,0.01671,0.01654,0.01811,0.01454,0.01615,0.00562,0.00939,0.02559,0.01425,0.01425,0.01648,0.03168,0.01425,0.01412,0.05600,0.01717,0.06471,0.02141,0.02674,0.00185
0.02963,0.03270,0.07045,0.27632,0.03270,0.03269,0.03269,0.00963,0.00477,0.00476,0.00476,0.00690,0.01265,0.00370,0.00731,0.05713,0.00715,0.00715,0.00548,0.02730,0.02082,0.01697,0.02049,0.00590,0.06577,0.03537,0.04199,0.02639
0.10370,0.12055,0.06236,0.31724,0.12056,0.12056,0.12056,0.05036,0.05365,0.05365,0.05365,0.05891,0.02804,0.07096,0.06121,0.06402,0.05377,0.05377,0.05461,0.05494,0.05540,0.05798,0.07124,0.05509,0.06601,0.11549,0.09435,0.10093
0.04444,0.01073,0.13715,0.17778,0.01072,0.01073,0.01073,0.02938,0.02868,0.02869,0.02869,0.01755,0.01154,0.03591,0.06813,0.01239,0.02350,0.02350,0.02865,0.02136,0.02190,0.01817,0.07407,0.02752,0.02743,0.00888,0.02626,0.02037
0.08889,0.09043,0.08793,0.12312,0.09043,0.09042,0.09042,0.05616,0.04493,0.04493,0.04493,0.04674,0.07896,0.08555,0.07399,0.04583,0.05466,0.05466,0.04424,0.05501,0.06641,0.04740,0.09891,0.04477,0.08655,0.08072,0.01721,0.08241
0.00000,0.01992,0.06987,0.26667,0.01993,0.01992,0.01992,0.02447,0.00481,0.00482,0.00482,0.01025,0.09924,0.08830,0.09841,0.02628,0.01323,0.01323,0.00296,0.02863,0.03634,0.02581,0.09594,0.00292,0.07742,0.02398,0.02822,0.00046
0.01481,0.00868,0.05696,0.21363,0.00869,0.00868,0.00868,0.01319,0.00124,0.00124,0.00124,0.00764,0.01092,0.02524,0.03139,0.04229,0.00159,0.00159,0.00208,0.01667,0.00360,0.00129,0.09413,0.00112,0.09161,0.03345,0.01858,0.00694
0.00000,0.01481,0.15756,0.11772,0.01481,0.01481,0.02357,0.02622,0.01481,0.01481,0.01481,0.00231,0.08071,0.01616,0.03614,0.01788,0.01481,0.01481,0.01630,0.02048,0.01481,0.01694,0.02021,0.01634,0.02103,0.04246,0.03509,0.01111
0.00000,0.00307,0.03120,0.05926,0.00307,0.00307,0.00307,0.00200,0.00148,0.00148,0.00148,0.00191,0.00643,0.00307,0.01662,0.01210,0.00265,0.00265,0.00200,0.00660,0.00467,0.00364,0.03590,0.00191,0.05299,0.04960,0.04996,0.00046
0.08889,0.08735,0.10254,0.08429,0.08736,0.08736,0.08736,0.04727,0.02753,0.02754,0.02754,0.03309,0.02274,0.01796,0.03728,0.02917,0.02434,0.02434,0.02857,0.04022,0.04889,0.04262,0.04744,0.02914,0.05045,0.04794,0.04788,0.07824
0.01481,0.01634,0.01962,0.08889,0.01636,0.01635,0.01635,0.00117,0.00680,0.00680,0.00680,0.00270,0.04496,0.00918,0.03442,0.02532,0.00051,0.00051,0.00596,0.01286,0.01361,0.00963,0.04118,0.00574,0.01897,0.00585,0.01686,0.00787
0.02963,0.04189,0.00610,0.18493,0.04190,0.04189,0.04189,0.01354,0.02319,0.02319,0.02319,0.02316,0.02883,0.05993,0.06575,0.03471,0.02401,0.02401,0.02308,0.03432,0.02601,0.02473,0.07418,0.02333,0.04736,0.04383,0.02662,0.02824
0.04444,0.02604,0.08156,0.05926,0.02607,0.02605,0.02605,0.03033,0.00484,0.00484,0.00484,0.00720,0.03306,0.03297,0.03142,0.03357,0.00912,0.00912,0.00547,0.02641,0.02122,0.00761,0.05430,0.00432,0.06567,0.03148,0.02042,0.03009
0.02963,0.00103,0.10218,0.16146,0.00102,0.00102,0.00102,0.02584,0.02477,0.02474,0.02474,0.00549,0.01283,0.01270,0.04444,0.04074,0.01880,0.01880,0.02469,0.03353,0.02090,0.01962,0.03818,0.02396,0.01175,0.02027,0.03841,0.00880
0.01481,0.05926,0.06539,0.17778,0.05926,0.05926,0.06040,0.02104,0.03829,0.03829,0.03829,0.01723,0.03643,0.04537,0.05049,0.01886,0.04342,0.04342,0.04059,0.06706,0.05926,0.05618,0.05224,0.04010,0.07857,0.03761,0.02267,0.02778
0.05926,0.03629,0.14155,0.22222,0.03627,0.03627,0.03627,0.03172,0.01462,0.01463,0.01463,0.01460,0.01841,0.07978,0.09944,0.01016,0.01635,0.01635,0.01361,0.01464,0.02643,0.00947,0.10370,0.01280,0.03727,0.00999,0.03854,0.04028
0.00000,0.02606,0.03795,0.10513,0.02606,0.02605,0.02605,0.01957,0.01032,0.01031,0.01031,0.00405,0.05284,0.02155,0.02422,0.01753,0.01533,0.01533,0.01209,0.03880,0.02963,0.02907,0.03271,0.01204,0.01603,0.04936,0.01872,0.00694
0.00000,0.03066,0.09163,0.23704,0.03065,0.03065,0.03065,0.02089,0.01775,0.01775,0.01775,0.00056,0.05680,0.04319,0.04360,0.03132,0.02698,0.02698,0.01947,0.04485,0.04587,0.03611,0.03519,0.01960,0.06728,0.01924,0.03206,0.00509
0.01481,0.01022,0.07852,0.19259,0.01022,0.01022,0.01022,0.00756,0.00599,0.00599,0.00599,0.00375,0.01183,0.00346,0.00825,0.01782,0.00102,0.00102,0.00474,0.01824,0.00360,0.00192,0.04305,0.00475,0.07159,0.01964,0.01634,0.00972
0.05926,0.06539,0.05323,0.15913,0.06540,0.06539,0.06539,0.00990,0.00090,0.00090,0.00090,0.00508,0.03615,0.01414,0.03370,0.03264,0.01533,0.01533,0.00267,0.03248,0.04084,0.03365,0.03141,0.00341,0.00908,0.02349,0.06368,0.05231
0.05926,0.03627,0.12505,0.17778,0.03626,0.03627,0.03627,0.03206,0.01517,0.01515,0.01515,0.00102,0.03811,0.01185,0.05854,0.01298,0.01311,0.01311,0.01428,0.00701,0.02162,0.00775,0.06409,0.01342,0.02858,0.03682,0.02093,0.03889
0.05926,0.04699,0.11305,0.13308,0.04701,0.04700,0.04700,0.02996,0.00134,0.00133,0.00133,0.00541,0.00901,0.02812,0.03636,0.02986,0.00219,0.00219,0.00060,0.01846,0.02402,0.01554,0.04045,0.00061,0.02707,0.00546,0.01341,0.04444
0.02963,0.06029,0.03672,0.16320,0.06029,0.06028,0.06028,0.00320,0.03676,0.03676,0.03676,0.02420,0.04914,0.02256,0.02701,0.04791,0.03883,0.03883,0.03802,0.05722,0.04520,0.04341,0.04312,0.03796,0.03341,0.01116,0.05142,0.03704
0.04444,0.02761,0.08049,0.12236,0.02759,0.02759,0.02759,0.03151,0.00056,0.00056,0.00056,0.01041,0.04577,0.01693,0.04049,0.03258,0.00635,0.00635,0.00195,0.02954,0.02362,0.00847,0.04444,0.00095,0.07975,0.09085,0.02760,0.03148
0.01481,0.04701,0.05966,0.20741,0.04701,0.04700,0.04700,0.01068,0.02971,0.02970,0.02970,0.01882,0.04442,0.05415,0.05136,0.04341,0.04233,0.04233,0.03028,0.04569,0.04827,0.04172,0.06731,0.03060,0.03284,0.05194,0.05118,0.01944
0.04444,0.04598,0.04035,0.06386,0.04598,0.04598,0.04598,0.02144,0.01148,0.01148,0.01148,0.01824,0.01207,0.02382,0.03524,0.02523,0.01533,0.01533,0.01304,0.01932,0.01923,0.01916,0.02921,0.01300,0.05351,0.04280,0.04109,0.03472
0.00000,0.00154,0.08377,0.22222,0.00153,0.00153,0.00153,0.00418,0.00972,0.00972,0.00972,0.01085,0.02585,0.01728,0.01267,0.02629,0.00582,0.00582,0.00966,0.00831,0.01201,0.00431,0.05238,0.00922,0.04386,0.02738,0.02157,0.00417
0.02963,0.00971,0.10324,0.28148,0.00973,0.00971,0.00971,0.01714,0.02108,0.02108,0.02108,0.00682,0.01629,0.00878,0.01859,0.04732,0.00817,0.00817,0.02030,0.01759,0.00817,0.00817,0.00288,0.02030,0.04283,0.02099,0.02317,0.01250
0.01481,0.02249,0.02015,0.15632,0.02249,0.02248,0.02248,0.00360,0.00186,0.00187,0.00187,0.00316,0.03682,0.02963,0.04035,0.04713,0.00868,0.00868,0.00151,0.02283,0.01734,0.01490,0.06141,0.00175,0.02200,0.03390,0.02556,0.01204
