# OVR-CC,OVR-AC,OVR-PCC,OVR-PAC,OVR-EM,OVR-HDX-8b,OVR-CDFX-100b-L1,OVR-CDFX-100b-L2,OVR-HDy-8b,OVR-MMy-100,OVR-CDFy-100b-L1,OVR-CDFy-100b-L2,OVR-FriedmanME,OVR-EDX,OVR-EDy,OVR-CvMy,OVR-REGX,OVR-REGy,OVR-PWKQuantifier
0.00000,0.02766,0.01613,0.01507,0.00669,0.03909,0.11531,0.08992,0.01514,0.02028,0.02028,0.01553,0.01305,0.11913,0.01557,0.09973,0.04120,0.03663,0.01779
0.04444,0.06942,0.03200,0.05151,0.03898,0.02704,0.01556,0.00715,0.04685,0.05789,0.05789,0.05189,0.06876,0.00875,0.05178,0.06125,0.04476,0.04988,0.04341
0.00000,0.01527,0.01674,0.02409,0.01475,0.02176,0.08889,0.08889,0.01334,0.01527,0.01527,0.02421,0.03525,0.08889,0.02512,0.11143,0.01399,0.02251,0.02600
0.01481,0.04903,0.00597,0.03051,0.02774,0.01871,0.21096,0.13740,0.02511,0.03255,0.03255,0.03115,0.02121,0.13772,0.03064,0.08546,0.00153,0.02498,0.03755
0.01481,0.04306,0.01769,0.00658,0.00329,0.02284,0.07962,0.04020,0.01993,0.01063,0.01063,0.00751,0.00634,0.03969,0.00735,0.11438,0.02653,0.01680,0.01206
0.04444,0.05993,0.02493,0.03617,0.02227,0.00819,0.04126,0.00361,0.03759,0.03960,0.03960,0.03695,0.03843,0.00404,0.03683,0.01343,0.03311,0.05088,0.02773
0.00000,0.03426,0.01282,0.01912,0.00267,0.04293,0.20741,0.20741,0.01527,0.03346,0.03346,0.02113,0.03836,0.20741,0.02093,0.11791,0.05386,0.02847,0.05670
0.00000,0.02721,0.02261,0.00352,0.01196,0.01973,0.07189,0.03934,0.01227,0.00732,0.00732,0.00280,0.01391,0.04982,0.00285,0.08378,0.01739,0.02161,0.03169
0.00000,0.03287,0.02074,0.01105,0.00350,0.02442,0.06411,0.05213,0.01410,0.01749,0.01749,0.01136,0.00258,0.05993,0.01123,0.12216,0.00654,0.01116,0.03766
0.02963,0.05978,0.00892,0.02861,0.02696,0.05451,0.11852,0.10861,0.03364,0.03697,0.03697,0.02975,0.02971,0.10425,0.02917,0.08379,0.04790,0.03120,0.03466
0.00000,0.00750,0.03432,0.00697,0.00381,0.03895,0.29263,0.20600,0.00476,0.00641,0.00641,0.00640,0.02142,0.22430,0.00681,0.15081,0.03851,0.04016,0.00474
0.00000,0.01889,0.02888,0.01323,0.00119,0.03636,0.29435,0.20048,0.01186,0.01826,0.01826,0.01379,0.02144,0.21425,0.01368,0.14229,0.02637,0.03058,0.01682
0.02963,0.06071,0.01469,0.04545,0.02713,0.03252,0.15775,0.09970,0.04522,0.05125,0.05125,0.04690,0.04540,0.11207,0.04650,0.06304,0.04619,0.05795,0.03011
0.02963,0.02977,0.02211,0.00915,0.00038,0.01664,0.13021,0.10085,0.02159,0.01192,0.01192,0.00890,0.01599,0.10818,0.00931,0.06650,0.00931,0.01632,0.00666
0.07407,0.08365,0.05240,0.05429,0.04012,0.03906,0.06623,0.09074,0.04784,0.05821,0.05821,0.05496,0.06281,0.09031,0.05504,0.08040,0.00976,0.02189,0.02593
0.01481,0.04746,0.00286,0.03595,0.02599,0.03502,0.20910,0.13899,0.03152,0.03649,0.03649,0.03662,0.03254,0.14690,0.03623,0.06586,0.02347,0.03806,0.00826
0.01481,0.03731,0.01219,0.02050,0.01278,0.01624,0.19575,0.19325,0.02327,0.02648,0.02648,0.02130,0.03654,0.18031,0.02128,0.07326,0.06264,0.04914,0.02798
0.13333,0.14029,0.10646,0.10442,0.08400,0.07551,0.14065,0.15214,0.05961,0.11557,0.11557,0.10663,0.13157,0.15401,0.10618,0.13310,0.05868,0.05177,0.05660
0.00000,0.03851,0.03498,0.00308,0.00375,0.00701,0.28383,0.19192,0.01215,0.00984,0.00984,0.00304,0.03452,0.19865,0.00299,0.12994,0.01315,0.02999,0.00361
0.00000,0.03256,0.01683,0.01320,0.00285,0.05460,0.13768,0.08807,0.01372,0.01882,0.01882,0.01352,0.01674,0.07666,0.01299,0.10748,0.03905,0.00989,0.05401
0.02963,0.06657,0.01659,0.05434,0.03295,0.06426,0.18427,0.10754,0.04191,0.05510,0.05510,0.05508,0.06520,0.12613,0.05488,0.07656,0.05245,0.04969,0.03789
0.01481,0.02435,0.01382,0.01809,0.00982,0.01952,0.03880,0.03968,0.00924,0.02072,0.02072,0.01734,0.01711,0.04423,0.01756,0.03728,0.01510,0.01012,0.02305
0.01481,0.04444,0.00996,0.04048,0.03211,0.07839,0.17778,0.17778,0.02692,0.03732,0.03732,0.04154,0.04444,0.17778,0.04143,0.07709,0.03673,0.02194,0.04444
0.07407,0.09185,0.04733,0.06073,0.04827,0.02194,0.02382,0.02390,0.05851,0.06628,0.06628,0.06114,0.06130,0.02910,0.06113,0.04089,0.03136,0.06915,0.01899
0.00000,0.03632,0.02177,0.01989,0.00590,0.04824,0.19607,0.11517,0.01602,0.02036,0.02036,0.02057,0.00818,0.13153,0.02022,0.12081,0.03103,0.02797,0.05681
0.08889,0.09523,0.06652,0.06212,0.04262,0.06135,0.14660,0.11889,0.04469,0.07414,0.07414,0.06344,0.08042,0.12618,0.06317,0.10143,0.03379,0.02760,0.04625
0.00000,0.03611,0.02589,0.00810,0.00494,0.09934,0.27733,0.18402,0.01254,0.01661,0.01661,0.01028,0.00766,0.19164,0.00944,0.12280,0.06518,0.04399,0.00372
0.08889,0.12613,0.05634,0.09004,0.09356,0.11533,0.06196,0.03822,0.09361,0.10361,0.10361,0.09027,0.10988,0.03875,0.09026,0.05772,0.07745,0.06430,0.05855
0.00000,0.03574,0.01779,0.01946,0.01083,0.02190,0.23772,0.14376,0.01548,0.01876,0.01876,0.01982,0.00729,0.15039,0.01968,0.11745,0.00298,0.00881,0.03874
0.01481,0.01525,0.01572,0.00393,0.00413,0.02085,0.14546,0.09503,0.01279,0.01214,0.01214,0.00243,0.01608,0.10255,0.00263,0.07358,0.02240,0.00988,0.01760
0.01481,0.04040,0.00424,0.02894,0.02726,0.04487,0.14792,0.08721,0.02400,0.03079,0.03079,0.02893,0.02690,0.08380,0.02873,0.04253,0.02687,0.05435,0.00854
0.00000,0.01420,0.00578,0.00744,0.00416,0.01959,0.07612,0.03543,0.01202,0.00967,0.00967,0.00660,0.01523,0.01761,0.00649,0.05772,0.04675,0.02691,0.03053
0.04444,0.05239,0.02923,0.02832,0.01763,0.02459,0.08440,0.06408,0.02083,0.03128,0.03128,0.02850,0.03773,0.07153,0.02858,0.06211,0.01890,0.00863,0.03778
0.08889,0.09119,0.06933,0.06176,0.04940,0.08219,0.07584,0.15500,0.04464,0.06700,0.06700,0.06276,0.07552,0.15392,0.06303,0.13952,0.05219,0.04433,0.03159
0.04444,0.05080,0.04212,0.04008,0.03323,0.01066,0.10733,0.06947,0.04551,0.04702,0.04702,0.04042,0.04693,0.06016,0.04013,0.09073,0.00895,0.03111,0.00961
0.00000,0.02464,0.02011,0.00535,0.00992,0.04265,0.20287,0.20592,0.01378,0.01269,0.01269,0.00486,0.01861,0.14952,0.00541,0.11924,0.05723,0.04084,0.02956
0.01481,0.05046,0.00625,0.03246,0.01733,0.05153,0.20606,0.11676,0.02661,0.03431,0.03431,0.03359,0.03430,0.13572,0.03333,0.08477,0.02151,0.03245,0.03839
0.04444,0.07416,0.02203,0.05047,0.04382,0.03953,0.16191,0.09739,0.05114,0.05250,0.05250,0.05126,0.04778,0.10173,0.05080,0.04018,0.03753,0.06349,0.02044
0.08889,0.09766,0.06907,0.07088,0.05601,0.07515,0.06340,0.10635,0.05883,0.07481,0.07481,0.07234,0.08419,0.10370,0.07211,0.10518,0.04398,0.06559,0.02074
0.00000,0.01481,0.01393,0.01481,0.00366,0.05202,0.17778,0.17778,0.01308,0.01481,0.01481,0.01481,0.02180,0.17778,0.01481,0.11789,0.05894,0.03124,0.01541
0.02963,0.06693,0.00240,0.03887,0.02541,0.01220,0.22230,0.14363,0.04091,0.04614,0.04614,0.04066,0.03798,0.15472,0.04015,0.08595,0.02518,0.03081,0.02618
0.01481,0.02963,0.00965,0.03502,0.01726,0.05624,0.07407,0.07407,0.02631,0.02963,0.02963,0.03422,0.03780,0.07407,0.03521,0.11470,0.00715,0.02221,0.02963
0.00000,0.02886,0.02303,0.00536,0.00783,0.02479,0.14138,0.10469,0.01329,0.01133,0.01133,0.00588,0.01265,0.11889,0.00595,0.09673,0.02848,0.03568,0.00759
0.02963,0.04463,0.02218,0.01856,0.01430,0.01937,0.26667,0.23418,0.03910,0.02993,0.02993,0.02058,0.03028,0.24073,0.02007,0.08783,0.05914,0.05379,0.03836
0.02963,0.05573,0.01804,0.01961,0.01625,0.01419,0.19259,0.19259,0.03849,0.03395,0.03395,0.02139,0.04011,0.19259,0.02151,0.10124,0.06450,0.04264,0.04338
0.04444,0.05635,0.03446,0.04201,0.02986,0.00973,0.03005,0.04124,0.04734,0.04660,0.04660,0.04287,0.04295,0.03428,0.04262,0.04890,0.05018,0.05253,0.00671
0.02963,0.04526,0.01864,0.02771,0.01798,0.02170,0.03496,0.04262,0.03295,0.03457,0.03457,0.02776,0.03162,0.04223,0.02762,0.03892,0.02934,0.02690,0.03202
0.00000,0.03148,0.01772,0.02194,0.01813,0.05154,0.19259,0.19259,0.01179,0.01708,0.01708,0.02239,0.01534,0.19259,0.02275,0.10003,0.04907,0.02404,0.05355
0.08889,0.09762,0.06326,0.06276,0.04538,0.03508,0.09622,0.09095,0.06013,0.06955,0.06955,0.06421,0.07650,0.09444,0.06425,0.08552,0.01419,0.03830,0.01952
0.02963,0.03220,0.01541,0.00819,0.01233,0.05083,0.13074,0.10690,0.00188,0.01158,0.01158,0.00785,0.01220,0.12219,0.00838,0.08262,0.03379,0.02156,0.02299
0.02626,0.03971,0.00580,0.01920,0.02240,0.04831,0.04734,0.09060,0.02436,0.02943,0.02943,0.02115,0.03053,0.07973,0.02059,0.10244,0.03038,0.04066,0.03627
0.06349,0.03429,0.05898,0.02923,0.01590,0.02682,0.19778,0.15708,0.02204,0.03449,0.03449,0.03094,0.05496,0.17341,0.03062,0.12404,0.05735,0.04634,0.05413
0.00000,0.00496,0.01604,0.00704,0.00523,0.05214,0.02295,0.05109,0.00729,0.00662,0.00662,0.00558,0.00133,0.03487,0.00551,0.05385,0.01276,0.01696,0.00809
0.02205,0.03040,0.01105,0.02041,0.02320,0.02499,0.05061,0.05753,0.01578,0.02672,0.02672,0.02089,0.01848,0.04860,0.02036,0.03694,0.03080,0.03201,0.02100
0.05823,0.04077,0.04508,0.02906,0.01882,0.03976,0.15333,0.10695,0.01315,0.03963,0.03963,0.03124,0.04823,0.11045,0.03070,0.07337,0.03314,0.01137,0.04856
0.01481,0.03621,0.01848,0.00751,0.00790,0.12342,0.15901,0.16825,0.00362,0.02300,0.02300,0.00861,0.03572,0.17340,0.00843,0.15201,0.04558,0.03424,0.04464
0.00000,0.01954,0.02063,0.00587,0.00123,0.09665,0.11201,0.16690,0.01529,0.01184,0.01184,0.00777,0.01901,0.15753,0.00744,0.16736,0.06117,0.03412,0.02747
0.03549,0.02969,0.02985,0.02057,0.03420,0.03327,0.19460,0.17956,0.04218,0.01959,0.01959,0.01980,0.01481,0.19587,0.02044,0.05186,0.04659,0.04288,0.02770
0.05421,0.05148,0.03461,0.03098,0.03449,0.04336,0.03697,0.03160,0.04110,0.04223,0.04223,0.03204,0.04838,0.03836,0.03208,0.03182,0.05050,0.03334,0.05436
0.07831,0.05333,0.07038,0.04645,0.02269,0.04206,0.21256,0.16023,0.02115,0.05414,0.05414,0.04820,0.07166,0.17833,0.04780,0.09948,0.05287,0.04152,0.07075
0.00000,0.02667,0.02909,0.00300,0.00254,0.08216,0.11431,0.15241,0.01390,0.01449,0.01449,0.00368,0.02393,0.14395,0.00333,0.11420,0.03806,0.03930,0.03440
0.01010,0.00608,0.00181,0.00251,0.00335,0.02569,0.02563,0.02878,0.01926,0.00033,0.00033,0.00208,0.00033,0.00231,0.00177,0.02384,0.00931,0.01933,0.01233
0.03535,0.00549,0.03196,0.00119,0.02949,0.03159,0.17703,0.10747,0.00910,0.00293,0.00293,0.00040,0.01040,0.12022,0.00032,0.09713,0.02915,0.03197,0.01710
0.00000,0.00570,0.02091,0.00983,0.00644,0.07975,0.09033,0.09500,0.01203,0.00551,0.00551,0.00721,0.00434,0.08812,0.00813,0.09340,0.04046,0.03329,0.00961
0.04272,0.02593,0.03233,0.01619,0.01461,0.03396,0.13912,0.09714,0.01379,0.02475,0.02475,0.01832,0.03334,0.11264,0.01776,0.05924,0.00872,0.00655,0.03355
0.02795,0.04846,0.01432,0.03421,0.02883,0.00795,0.09141,0.07049,0.04046,0.03701,0.03701,0.03436,0.03448,0.05763,0.03479,0.03307,0.03325,0.04547,0.04493
0.03973,0.03278,0.03392,0.02711,0.03001,0.06725,0.11827,0.08383,0.02413,0.02382,0.02382,0.02543,0.02721,0.08985,0.02606,0.09248,0.05856,0.01791,0.03878
0.02963,0.00784,0.02483,0.00495,0.00701,0.04806,0.16894,0.09631,0.01312,0.00433,0.00433,0.00423,0.00145,0.10311,0.00437,0.07618,0.02128,0.02537,0.01110
0.04550,0.04760,0.02668,0.02831,0.03311,0.01697,0.02596,0.01012,0.03356,0.04227,0.04227,0.03029,0.03745,0.00181,0.02959,0.02213,0.01212,0.03716,0.03700
0.01481,0.01684,0.00747,0.01908,0.01831,0.07028,0.28148,0.25766,0.02652,0.01397,0.01397,0.01792,0.02246,0.25385,0.01947,0.05127,0.03258,0.04353,0.03817
0.02927,0.00463,0.04766,0.01848,0.00753,0.07251,0.24081,0.17521,0.00336,0.00466,0.00466,0.01995,0.03711,0.18644,0.01961,0.10200,0.04373,0.01831,0.03687
0.01481,0.01356,0.01523,0.01481,0.01799,0.01514,0.12166,0.15753,0.01994,0.01358,0.01358,0.01481,0.01929,0.15082,0.01481,0.06213,0.04036,0.03942,0.03397
0.02343,0.03119,0.01268,0.01620,0.02075,0.03280,0.17725,0.17619,0.02542,0.01943,0.01943,0.01565,0.00849,0.15553,0.01632,0.04570,0.04171,0.03344,0.02056
0.07913,0.07967,0.05554,0.05656,0.06211,0.02297,0.07281,0.05789,0.05985,0.07746,0.07746,0.05794,0.06718,0.06084,0.05786,0.06522,0.07831,0.07680,0.07042
0.03434,0.01004,0.03110,0.00510,0.00733,0.03677,0.21408,0.14086,0.01058,0.00813,0.00813,0.00636,0.01382,0.14474,0.00587,0.07274,0.02573,0.01118,0.01617
0.07855,0.07267,0.06042,0.05321,0.05457,0.08183,0.08502,0.08018,0.05742,0.06457,0.06457,0.05283,0.06942,0.08941,0.05321,0.09993,0.07322,0.04368,0.07213
0.00000,0.00729,0.02313,0.01135,0.00924,0.09718,0.12407,0.09762,0.00555,0.00565,0.00565,0.00784,0.00471,0.09233,0.00900,0.11512,0.05524,0.02590,0.01091
0.01481,0.00951,0.01567,0.01155,0.01470,0.02473,0.21595,0.14242,0.02048,0.00395,0.00395,0.01026,0.01616,0.11885,0.01092,0.08639,0.05040,0.03400,0.03121
0.00000,0.01846,0.02394,0.01481,0.00730,0.10022,0.19995,0.16608,0.01711,0.01481,0.01481,0.01481,0.01481,0.15726,0.01481,0.08229,0.04851,0.03707,0.01481
0.00000,0.03985,0.00243,0.04378,0.00816,0.03411,0.05926,0.05926,0.02452,0.03985,0.03985,0.04364,0.05148,0.05926,0.04462,0.05926,0.02306,0.03162,0.05195
0.05709,0.04654,0.04891,0.03965,0.03953,0.05508,0.11296,0.07537,0.04552,0.04739,0.04739,0.04132,0.05283,0.08066,0.04111,0.05536,0.04511,0.04138,0.05402
0.01481,0.01367,0.00370,0.00267,0.00135,0.03418,0.00904,0.00766,0.02193,0.00228,0.00228,0.00269,0.00960,0.00623,0.00214,0.00585,0.01542,0.02532,0.01866
0.02593,0.03028,0.01782,0.02299,0.02455,0.02220,0.05229,0.05805,0.03327,0.02344,0.02344,0.02276,0.02229,0.03716,0.02312,0.00447,0.03193,0.02759,0.03172
0.03135,0.01462,0.03085,0.00997,0.01468,0.05087,0.11016,0.08102,0.02688,0.00726,0.00726,0.01013,0.01339,0.08764,0.01029,0.05569,0.03192,0.01591,0.01951
0.02963,0.00675,0.02682,0.00253,0.01070,0.03776,0.14620,0.08347,0.01398,0.00389,0.00389,0.00227,0.00393,0.10339,0.00222,0.04050,0.01761,0.02538,0.01527
0.01481,0.04363,0.01282,0.02027,0.01627,0.05941,0.07933,0.14859,0.01482,0.03042,0.03042,0.02091,0.04093,0.14466,0.02068,0.11626,0.01849,0.01832,0.05178
0.05051,0.03106,0.03567,0.01156,0.00322,0.02915,0.16511,0.09515,0.02411,0.02367,0.02367,0.01346,0.03336,0.09961,0.01310,0.07866,0.01204,0.01572,0.03644
0.00000,0.02834,0.01888,0.01539,0.01209,0.07145,0.31111,0.23683,0.02639,0.01682,0.01682,0.01417,0.02835,0.18460,0.01515,0.03383,0.06638,0.04071,0.03069
0.00000,0.01618,0.01812,0.00376,0.00116,0.07594,0.07522,0.11015,0.00360,0.00515,0.00515,0.00472,0.01299,0.10379,0.00470,0.08198,0.01364,0.02297,0.02189
0.01481,0.02521,0.00696,0.02827,0.02286,0.03736,0.19259,0.19259,0.04034,0.02521,0.02521,0.02757,0.03740,0.19259,0.02936,0.04803,0.03471,0.03051,0.05250
0.03915,0.03380,0.01323,0.00899,0.01379,0.01045,0.06406,0.02798,0.01636,0.02944,0.02944,0.01242,0.03170,0.03313,0.01185,0.03120,0.02099,0.01928,0.03310
0.02857,0.00802,0.03185,0.01180,0.00826,0.03146,0.17593,0.11874,0.01453,0.01336,0.01336,0.01364,0.02594,0.13055,0.01337,0.08427,0.03689,0.02559,0.02635
0.04272,0.02727,0.03110,0.01594,0.01349,0.03310,0.13230,0.09045,0.00951,0.02537,0.02537,0.01803,0.03375,0.09974,0.01769,0.06025,0.00889,0.01010,0.03406
0.02687,0.05033,0.00718,0.02804,0.02392,0.06284,0.12426,0.09793,0.03834,0.03975,0.03975,0.02799,0.02573,0.08514,0.02861,0.03063,0.01510,0.02233,0.03139
0.03273,0.02115,0.03441,0.01649,0.02365,0.06209,0.07867,0.10356,0.02997,0.00980,0.00980,0.01542,0.01232,0.11492,0.01598,0.08940,0.06851,0.03002,0.02158
0.01111,0.02294,0.00525,0.01318,0.01560,0.03388,0.04072,0.09308,0.01375,0.01584,0.01584,0.01417,0.01421,0.08532,0.01369,0.09020,0.02356,0.03711,0.01982
0.02929,0.02297,0.02288,0.01854,0.01954,0.01183,0.08431,0.04049,0.02795,0.02100,0.02100,0.01974,0.02145,0.04753,0.01934,0.05823,0.04721,0.04326,0.02395
0.00000,0.02042,0.00230,0.02119,0.01784,0.04016,0.22222,0.22222,0.02085,0.01682,0.01682,0.02062,0.03212,0.22222,0.02183,0.03744,0.04539,0.03423,0.04775
0.01309,0.01122,0.01688,0.00418,0.00274,0.03726,0.13127,0.09182,0.01142,0.00365,0.00365,0.00374,0.00672,0.11473,0.00371,0.05104,0.02483,0.03074,0.00184
0.01111,0.01382,0.00943,0.00977,0.01408,0.04952,0.09181,0.12717,0.01302,0.00797,0.00797,0.00870,0.00548,0.09569,0.00919,0.01657,0.01682,0.01694,0.01622
