# PCC,OQT,AC_L2,ACOrd,PAC_L2,EDy_EMD,PDFOrd_L2,PDFOrd_EMD
0.34623,0.34623,0.16869,0.16869,0.18241,0.17230,0.14380,0.15012
0.13983,0.13983,0.14919,0.14919,0.14270,0.15355,0.21000,0.15854
0.15124,0.15124,0.07236,0.07236,0.09016,0.08660,0.14697,0.08265
0.13816,0.13816,0.16010,0.16010,0.13922,0.14209,0.21148,0.14986
0.18068,0.18068,0.18029,0.18029,0.13958,0.12433,0.17255,0.12811
0.25355,0.25355,0.18595,0.18595,0.19161,0.20125,0.12978,0.20160
0.19567,0.19567,0.18024,0.18024,0.19644,0.20003,0.18236,0.20386
0.11195,0.11195,0.09319,0.09319,0.05941,0.07288,0.12716,0.09232
0.14372,0.14372,0.10749,0.10749,0.05691,0.05352,0.15208,0.03606
0.23478,0.23478,0.28679,0.28679,0.24850,0.25978,0.29458,0.27102
0.15897,0.15897,0.06702,0.06702,0.08674,0.08897,0.08602,0.11449
0.24930,0.24930,0.11765,0.11765,0.16306,0.16579,0.16154,0.19290
0.13324,0.13324,0.13552,0.13552,0.11117,0.11142,0.07955,0.11587
0.15611,0.15611,0.11067,0.11067,0.07845,0.07446,0.16968,0.08120
0.14511,0.14511,0.20013,0.18727,0.13272,0.13746,0.15752,0.14843
0.17810,0.17810,0.15508,0.15508,0.11089,0.11035,0.24360,0.12875
0.19652,0.19652,0.22564,0.22564,0.19710,0.20505,0.22010,0.19679
0.33330,0.33330,0.27392,0.27392,0.27017,0.27283,0.25050,0.28980
0.09375,0.09375,0.10532,0.10532,0.08303,0.08557,0.14803,0.09304
0.20071,0.20071,0.21080,0.21080,0.17306,0.18613,0.17010,0.18722
0.07382,0.07382,0.14453,0.14453,0.08911,0.09491,0.13156,0.09962
0.12256,0.12256,0.12157,0.12157,0.07909,0.07636,0.11893,0.09070
0.08749,0.08749,0.09951,0.09951,0.08400,0.08447,0.22100,0.08920
0.20622,0.20622,0.15913,0.15913,0.17913,0.18629,0.24495,0.19404
0.20642,0.20642,0.11639,0.11639,0.11771,0.11252,0.19726,0.11131
0.12702,0.12702,0.11610,0.11610,0.10643,0.10946,0.08544,0.12472
0.19366,0.19366,0.20955,0.20955,0.19848,0.20058,0.20547,0.21502
0.07230,0.07230,0.05226,0.05226,0.01987,0.02162,0.14816,0.04524
0.20444,0.20444,0.13320,0.13320,0.13086,0.12061,0.13379,0.09544
0.12722,0.12722,0.07665,0.07665,0.07569,0.08664,0.07615,0.07551
0.12033,0.12033,0.07577,0.07577,0.07816,0.07409,0.12518,0.07178
0.17260,0.17260,0.15626,0.15626,0.13393,0.12460,0.22825,0.18881
0.24350,0.24350,0.14235,0.14235,0.18215,0.19682,0.18143,0.17070
0.20044,0.20044,0.23658,0.23658,0.14932,0.14848,0.12164,0.14876
0.08827,0.08827,0.07832,0.07832,0.05250,0.04906,0.10445,0.04144
0.29615,0.29615,0.24531,0.24531,0.22361,0.21995,0.21196,0.20233
0.17882,0.17882,0.14297,0.14297,0.11889,0.11179,0.10194,0.09273
0.15647,0.15647,0.12486,0.12486,0.10149,0.10507,0.09300,0.10165
0.20192,0.20192,0.15501,0.15501,0.14532,0.14299,0.16662,0.15292
0.14077,0.14077,0.09457,0.09457,0.08577,0.08854,0.23910,0.09586
0.09192,0.09192,0.08262,0.08262,0.07955,0.08479,0.10231,0.09463
0.10134,0.10134,0.13370,0.13370,0.11604,0.11982,0.13445,0.12468
0.13292,0.13292,0.16847,0.16847,0.10862,0.11729,0.12968,0.13275
0.26179,0.26179,0.20673,0.20673,0.18413,0.18568,0.20981,0.23631
0.03711,0.03711,0.06113,0.06113,0.05177,0.05794,0.07168,0.07870
0.24738,0.24738,0.18489,0.18489,0.17541,0.17402,0.19956,0.19497
0.10597,0.10597,0.07977,0.07977,0.07921,0.07944,0.21471,0.09015
0.17494,0.17494,0.17329,0.17329,0.16859,0.17427,0.24199,0.18737
0.22915,0.22915,0.11267,0.11267,0.17740,0.17219,0.22618,0.18805
0.15216,0.15216,0.12902,0.13198,0.09300,0.09425,0.18718,0.10268
0.20596,0.20596,0.17155,0.17155,0.16172,0.16582,0.16898,0.17981
0.23635,0.23635,0.19588,0.19588,0.19538,0.19607,0.30717,0.19539
0.26497,0.26497,0.22063,0.22063,0.22857,0.21744,0.38729,0.21459
0.27679,0.27679,0.24529,0.24529,0.25388,0.24410,0.24675,0.20132
0.26504,0.26504,0.21243,0.21243,0.20743,0.19393,0.38612,0.18619
0.27183,0.27183,0.23850,0.23850,0.20532,0.21524,0.32665,0.20468
0.31029,0.31029,0.24782,0.24778,0.22638,0.22792,0.30600,0.23122
0.27415,0.27415,0.30698,0.30698,0.28731,0.28183,0.22567,0.23343
0.11958,0.11958,0.08033,0.08033,0.04897,0.05092,0.07941,0.05098
0.07303,0.07303,0.07265,0.07265,0.07388,0.07968,0.12748,0.08457
0.19823,0.19823,0.24215,0.24215,0.21947,0.21593,0.33027,0.22898
0.13490,0.13490,0.07948,0.07948,0.03158,0.03737,0.11959,0.04231
0.22999,0.22999,0.18202,0.18202,0.19111,0.17587,0.40094,0.17184
0.23176,0.23176,0.12115,0.12115,0.17293,0.15781,0.15153,0.14168
0.15988,0.15988,0.16703,0.16703,0.10537,0.11228,0.18776,0.14319
0.35737,0.35737,0.27384,0.26794,0.28708,0.28791,0.33559,0.26567
0.20117,0.20117,0.19017,0.19017,0.09846,0.10284,0.19081,0.12235
0.22464,0.22464,0.25447,0.25447,0.19944,0.20068,0.21151,0.20604
0.23418,0.23418,0.15674,0.17374,0.18201,0.21794,0.11975,0.21241
0.11703,0.11703,0.05611,0.05742,0.03672,0.02997,0.04103,0.03655
0.06513,0.06513,0.11691,0.11691,0.10354,0.10460,0.08822,0.10060
0.08389,0.08389,0.15801,0.15801,0.12092,0.11597,0.13520,0.12164
0.16153,0.16153,0.17959,0.17959,0.19990,0.20024,0.14781,0.18913
0.21182,0.21182,0.18138,0.18138,0.22004,0.19757,0.23974,0.18627
0.20379,0.20379,0.22355,0.22355,0.18778,0.18326,0.25006,0.19706
0.28983,0.28983,0.20862,0.20862,0.21070,0.20829,0.26383,0.19690
0.19899,0.19899,0.17733,0.17733,0.15535,0.16379,0.28391,0.16969
0.23689,0.23689,0.22754,0.22754,0.17391,0.19093,0.28006,0.22654
0.16830,0.16830,0.20732,0.20732,0.14859,0.14877,0.25699,0.18525
0.17864,0.17864,0.22813,0.22813,0.17160,0.17385,0.25655,0.19653
0.17089,0.17089,0.18661,0.18661,0.19034,0.18373,0.16411,0.17361
0.14485,0.14485,0.08814,0.08814,0.11645,0.10689,0.13596,0.10244
0.17576,0.17576,0.13367,0.13367,0.11097,0.11313,0.15355,0.12480
0.28256,0.28256,0.11216,0.11216,0.10882,0.09853,0.18966,0.06990
0.11637,0.11637,0.15844,0.15844,0.17466,0.16797,0.16576,0.17287
0.24362,0.24362,0.25873,0.25873,0.21390,0.22295,0.33830,0.23348
0.14604,0.14604,0.26878,0.26878,0.21570,0.21807,0.20970,0.24333
0.14473,0.14473,0.06498,0.06498,0.10038,0.09618,0.08444,0.09297
0.24104,0.24104,0.22597,0.22597,0.18084,0.19949,0.24797,0.24903
0.28049,0.28049,0.17038,0.17038,0.17761,0.17271,0.20914,0.14188
0.11374,0.11374,0.16035,0.16035,0.17272,0.15773,0.18484,0.13152
0.10502,0.10502,0.10230,0.10230,0.07474,0.08254,0.10765,0.08997
0.20256,0.20256,0.16260,0.16260,0.17335,0.17143,0.11129,0.17454
0.37126,0.37126,0.39138,0.39138,0.35902,0.36583,0.38555,0.38380
0.20820,0.20820,0.15194,0.15194,0.12694,0.14016,0.25092,0.16655
0.04814,0.04814,0.12696,0.12696,0.13524,0.12416,0.07896,0.13589
0.32786,0.32786,0.30137,0.29218,0.27848,0.26863,0.43380,0.26876
0.21094,0.21094,0.23799,0.23799,0.18710,0.19353,0.25089,0.22082
0.23972,0.23972,0.12266,0.12266,0.08586,0.08063,0.13790,0.08021
0.33746,0.33746,0.31552,0.31552,0.32132,0.32592,0.42899,0.37008
