# CC,AC-L2,PCC,PAC-L2,EM,HDX-8b,CDFX-100b-L1,HDy-8b,CDFy-100b-L1,FriedmanME-L1,EDX,EDy,CvMy,PWKQuantifier
0.25850,0.16191,0.33205,0.19798,0.12868,0.22100,0.44659,0.15970,0.19228,0.26389,0.14590,0.19582,0.18025,0.06717
0.12245,0.15376,0.16287,0.12928,0.14982,0.19805,0.29918,0.19924,0.15562,0.35306,0.22875,0.14104,0.12187,0.23779
0.08844,0.07946,0.16644,0.07713,0.09097,0.15493,0.15542,0.05679,0.05897,0.20953,0.13622,0.07321,0.06772,0.07956
0.14966,0.14389,0.14842,0.12437,0.11304,0.22434,0.18885,0.08317,0.11968,0.12479,0.15805,0.12605,0.06877,0.20321
0.19048,0.17576,0.19598,0.17787,0.17331,0.21439,0.21853,0.05653,0.15585,0.26969,0.16841,0.16160,0.11715,0.15515
0.18367,0.15601,0.23394,0.17116,0.12214,0.18040,0.20972,0.18809,0.17268,0.19702,0.18445,0.18275,0.16919,0.13689
0.13605,0.12535,0.19689,0.17853,0.18360,0.10203,0.22115,0.20033,0.19373,0.23274,0.14264,0.18273,0.15988,0.10181
0.14966,0.12305,0.12809,0.09099,0.15524,0.14909,0.17747,0.04467,0.09307,0.20828,0.07106,0.08786,0.08551,0.06200
0.12925,0.06538,0.16737,0.04862,0.05955,0.05294,0.10131,0.09316,0.06687,0.09128,0.07935,0.05061,0.10629,0.12197
0.23129,0.23282,0.24207,0.23975,0.19228,0.31798,0.40241,0.28195,0.23934,0.24666,0.21487,0.25357,0.25440,0.15898
0.11565,0.09378,0.15117,0.09712,0.11279,0.10088,0.12628,0.11924,0.08805,0.08667,0.07478,0.09424,0.06357,0.10168
0.18367,0.14242,0.24885,0.16440,0.13103,0.32377,0.33957,0.15711,0.17845,0.15271,0.14960,0.16501,0.16335,0.19116
0.12925,0.14461,0.13674,0.13911,0.17244,0.21539,0.22759,0.12873,0.14332,0.16158,0.12748,0.12841,0.12863,0.19830
0.16327,0.10051,0.18084,0.08176,0.07607,0.13704,0.11852,0.10537,0.08895,0.18821,0.07040,0.07932,0.08775,0.10430
0.17007,0.15016,0.16750,0.11543,0.10416,0.16417,0.15319,0.17792,0.15302,0.03948,0.13258,0.12312,0.14304,0.15366
0.14286,0.13670,0.17583,0.14132,0.15578,0.21676,0.17008,0.08814,0.09050,0.28687,0.12693,0.12488,0.12823,0.19908
0.23129,0.21269,0.20697,0.16665,0.12243,0.29001,0.29798,0.11815,0.20292,0.25624,0.19348,0.16904,0.15092,0.22936
0.26531,0.22692,0.31113,0.24983,0.23039,0.17529,0.21548,0.27362,0.24732,0.34940,0.24661,0.25569,0.24331,0.18230
0.09524,0.08490,0.09940,0.06832,0.04287,0.18457,0.13499,0.07925,0.06060,0.18934,0.09174,0.07119,0.03510,0.08564
0.18367,0.15619,0.19797,0.13691,0.12567,0.15699,0.12946,0.19284,0.15442,0.18536,0.12051,0.15340,0.15015,0.16368
0.08163,0.10949,0.05934,0.08482,0.09520,0.08080,0.10189,0.12044,0.10658,0.11791,0.12014,0.09313,0.09325,0.10392
0.15646,0.12280,0.13663,0.08812,0.07806,0.14462,0.14422,0.03583,0.09457,0.25812,0.08151,0.08639,0.06209,0.16198
0.08844,0.06005,0.10248,0.06930,0.08878,0.28669,0.32886,0.13682,0.04849,0.29271,0.05946,0.05937,0.07635,0.10757
0.16327,0.14695,0.19673,0.18271,0.16033,0.24877,0.28539,0.17108,0.21644,0.25417,0.14995,0.19464,0.13877,0.09238
0.17687,0.10627,0.22523,0.14133,0.12502,0.14894,0.14896,0.09341,0.12188,0.27188,0.09614,0.12186,0.15009,0.12669
0.10204,0.11267,0.11738,0.09584,0.10921,0.22886,0.29740,0.10097,0.10141,0.08284,0.11372,0.09598,0.15687,0.06878
0.17007,0.17368,0.19031,0.18399,0.18713,0.17697,0.15398,0.20488,0.18324,0.26554,0.14576,0.18479,0.16468,0.15537
0.02721,0.04125,0.06661,0.02116,0.06721,0.10198,0.07355,0.14717,0.02078,0.16305,0.03081,0.01981,0.04725,0.13340
0.19728,0.13917,0.21901,0.15113,0.14304,0.15644,0.21745,0.11493,0.12978,0.41312,0.17531,0.13448,0.11606,0.15931
0.09524,0.07772,0.11402,0.06861,0.07677,0.11312,0.14093,0.12864,0.08013,0.15203,0.11730,0.07753,0.06539,0.09974
0.10884,0.10955,0.14377,0.08958,0.13682,0.13200,0.05442,0.12085,0.08961,0.13571,0.12595,0.08437,0.09264,0.19421
0.18367,0.16645,0.19205,0.15069,0.21023,0.25299,0.41358,0.09644,0.13812,0.19192,0.09926,0.13152,0.15412,0.16732
0.18367,0.12896,0.22366,0.17934,0.15259,0.14373,0.09863,0.18340,0.17685,0.25353,0.20080,0.19552,0.22172,0.12196
0.21769,0.17508,0.21794,0.13715,0.12141,0.13569,0.12350,0.13131,0.12407,0.35342,0.06166,0.14149,0.13439,0.15947
0.08163,0.05601,0.11308,0.03568,0.08290,0.16068,0.11864,0.05803,0.03407,0.17797,0.09018,0.03524,0.08983,0.11658
0.25170,0.21063,0.27841,0.21248,0.16270,0.10760,0.26224,0.21168,0.21825,0.26942,0.16182,0.20981,0.20828,0.17876
0.21769,0.18241,0.19907,0.13562,0.11715,0.25460,0.31292,0.10158,0.13090,0.43119,0.17851,0.13177,0.14396,0.12511
0.14286,0.12907,0.12986,0.09565,0.07242,0.04966,0.03568,0.09678,0.10915,0.21059,0.17154,0.10124,0.11545,0.14067
0.16327,0.13517,0.20068,0.14186,0.10007,0.24754,0.31252,0.12384,0.15898,0.18796,0.17223,0.13980,0.16892,0.16900
0.16327,0.12658,0.15964,0.08680,0.09260,0.12344,0.18325,0.05754,0.08109,0.32608,0.07930,0.07321,0.11252,0.12772
0.05442,0.08614,0.09656,0.09127,0.11041,0.21409,0.15706,0.14854,0.08203,0.13538,0.14119,0.09229,0.10096,0.09007
0.11565,0.10487,0.12723,0.10056,0.08087,0.21687,0.26533,0.14076,0.11045,0.22204,0.13383,0.10431,0.10566,0.16552
0.15646,0.11173,0.13932,0.09020,0.06787,0.13810,0.12606,0.05870,0.08909,0.29933,0.10479,0.07830,0.11194,0.13841
0.21769,0.17335,0.26524,0.19778,0.18660,0.13111,0.11580,0.09561,0.17294,0.20779,0.13316,0.18951,0.17901,0.16357
0.04762,0.05199,0.03641,0.04318,0.05164,0.19841,0.23298,0.09939,0.05110,0.12642,0.14393,0.04663,0.03995,0.14026
0.19048,0.15541,0.25011,0.17149,0.15988,0.24482,0.24474,0.16799,0.17127,0.16642,0.21193,0.16881,0.21570,0.18057
0.14966,0.13308,0.12242,0.07087,0.10434,0.21932,0.40669,0.06866,0.09452,0.35940,0.09339,0.07127,0.05005,0.11711
0.13605,0.16348,0.17560,0.16102,0.17729,0.18659,0.11645,0.16483,0.17185,0.17089,0.16596,0.16694,0.16759,0.19205
0.12925,0.10598,0.21797,0.17963,0.17423,0.08655,0.21210,0.16529,0.16314,0.30530,0.14788,0.17293,0.14373,0.09297
0.13605,0.08768,0.14883,0.06123,0.09610,0.12454,0.11683,0.15036,0.08031,0.07542,0.09741,0.06836,0.07950,0.11713
0.20408,0.16625,0.21737,0.13886,0.10708,0.14712,0.22939,0.18321,0.13773,0.26811,0.22062,0.14365,0.15402,0.16043
0.18367,0.19494,0.24790,0.18837,0.14122,0.11965,0.14200,0.13748,0.15760,0.10230,0.11159,0.18850,0.13653,0.22761
0.20408,0.20151,0.29147,0.22046,0.13495,0.12303,0.15035,0.16278,0.19864,0.12383,0.13292,0.20761,0.20917,0.25285
0.34694,0.34498,0.29384,0.26546,0.26258,0.40874,0.41333,0.28010,0.31739,0.40875,0.26277,0.25126,0.30145,0.12909
0.21088,0.21518,0.30537,0.21649,0.07511,0.18504,0.21174,0.16281,0.20567,0.16113,0.13159,0.19962,0.20868,0.24611
0.21088,0.18985,0.27567,0.18772,0.12663,0.15227,0.22005,0.22683,0.19960,0.21385,0.07696,0.20289,0.21122,0.15522
0.23810,0.21944,0.31760,0.22117,0.22620,0.11344,0.11140,0.20353,0.23498,0.38413,0.08056,0.22695,0.27435,0.20185
0.39456,0.44081,0.29429,0.30806,0.30864,0.35311,0.44567,0.30238,0.34866,0.40862,0.34294,0.29633,0.31426,0.26867
0.09524,0.12255,0.09471,0.04309,0.05380,0.04353,0.05997,0.02655,0.04374,0.06007,0.10166,0.04085,0.07664,0.10340
0.06803,0.07043,0.07181,0.05570,0.07675,0.09387,0.07572,0.07532,0.05529,0.08683,0.20132,0.05916,0.09372,0.10137
0.19728,0.24710,0.20721,0.21532,0.21787,0.16380,0.15451,0.20016,0.20631,0.24295,0.08948,0.21052,0.16346,0.25859
0.07483,0.04642,0.10804,0.03264,0.04307,0.09337,0.17563,0.10956,0.02267,0.09154,0.07353,0.03399,0.05590,0.13504
0.19048,0.18778,0.25683,0.20002,0.07539,0.23663,0.27383,0.27812,0.16845,0.13714,0.19914,0.17978,0.22262,0.27725
0.28571,0.22785,0.23803,0.18587,0.15376,0.20982,0.12718,0.09856,0.20060,0.38665,0.19254,0.16409,0.26418,0.08057
0.09524,0.12590,0.15153,0.09873,0.06811,0.12629,0.13513,0.04333,0.10129,0.07656,0.11865,0.10477,0.09977,0.15789
0.51020,0.45506,0.37572,0.31109,0.28678,0.42794,0.51638,0.27833,0.37782,0.39675,0.47141,0.30317,0.34699,0.21755
0.18367,0.14686,0.19258,0.08876,0.11201,0.15576,0.12290,0.20607,0.11879,0.20749,0.16528,0.09497,0.08068,0.10725
0.19048,0.19024,0.24941,0.19079,0.10895,0.15378,0.06533,0.28503,0.19960,0.18020,0.15823,0.19011,0.20396,0.24339
0.24490,0.21749,0.23777,0.18787,0.20017,0.17695,0.15378,0.11178,0.18567,0.21134,0.27310,0.20944,0.22220,0.25369
0.06122,0.05583,0.09842,0.03304,0.03455,0.15854,0.16688,0.06366,0.02261,0.09365,0.16992,0.01990,0.05600,0.11296
0.11565,0.10223,0.09382,0.08689,0.09577,0.16375,0.05690,0.14944,0.07439,0.04237,0.18791,0.08633,0.11320,0.23814
0.12245,0.18007,0.08473,0.12891,0.14733,0.08393,0.13200,0.13674,0.11811,0.11770,0.14870,0.12182,0.10120,0.26657
0.20408,0.21664,0.18185,0.19826,0.20939,0.24092,0.47413,0.18788,0.19990,0.28908,0.28127,0.19673,0.19328,0.17139
0.27891,0.25132,0.23524,0.22181,0.27106,0.16145,0.15439,0.23782,0.23540,0.18019,0.20937,0.20116,0.25480,0.16877
0.21769,0.24333,0.23984,0.19803,0.16875,0.17310,0.22387,0.10255,0.18494,0.10337,0.11257,0.19245,0.12587,0.26339
0.39456,0.32663,0.29615,0.22267,0.17531,0.25201,0.23523,0.17735,0.23737,0.27496,0.36218,0.21081,0.25763,0.15449
0.17007,0.14665,0.22502,0.15192,0.11301,0.12757,0.06902,0.21628,0.17136,0.16615,0.16613,0.15893,0.20775,0.12383
0.21769,0.19217,0.25249,0.14564,0.14797,0.22320,0.19285,0.21076,0.17094,0.42409,0.12925,0.16268,0.19452,0.10470
0.13605,0.15070,0.17909,0.14494,0.14636,0.15692,0.03722,0.23392,0.12450,0.19709,0.05690,0.14343,0.08421,0.13536
0.14966,0.16775,0.19901,0.15822,0.15546,0.17900,0.11232,0.18648,0.16817,0.29203,0.07554,0.16156,0.13366,0.12766
0.19048,0.20918,0.19930,0.20603,0.21208,0.28383,0.44444,0.19124,0.21529,0.30685,0.23222,0.19475,0.18805,0.18609
0.12245,0.11068,0.15050,0.10873,0.07138,0.18853,0.21166,0.15513,0.09741,0.17798,0.10287,0.09664,0.12959,0.15132
0.16327,0.13150,0.17395,0.10579,0.09943,0.07752,0.19760,0.13294,0.13243,0.14606,0.28179,0.11310,0.12818,0.19947
0.17007,0.11781,0.25540,0.11124,0.06263,0.09518,0.15732,0.07773,0.09458,0.16905,0.09782,0.10540,0.10329,0.16529
0.15646,0.19668,0.13532,0.17262,0.18394,0.09028,0.19323,0.12851,0.16455,0.21300,0.22074,0.16470,0.19227,0.17040
0.19728,0.22076,0.23892,0.18765,0.15105,0.12741,0.22146,0.21433,0.19362,0.19200,0.08282,0.19594,0.15962,0.20368
0.17687,0.24599,0.17631,0.20285,0.19049,0.08948,0.17192,0.20997,0.21686,0.13688,0.14348,0.20729,0.16571,0.27368
0.16327,0.16700,0.16145,0.11820,0.13655,0.15945,0.13616,0.12068,0.12024,0.15849,0.21159,0.10832,0.11992,0.10057
0.19728,0.18420,0.24828,0.15365,0.14938,0.12377,0.28448,0.19504,0.18809,0.52958,0.09217,0.17032,0.20928,0.08752
0.17687,0.12602,0.26429,0.16873,0.13429,0.13853,0.31521,0.14515,0.17307,0.19647,0.07643,0.16706,0.18517,0.13417
0.14286,0.19628,0.14171,0.17530,0.15741,0.14458,0.20611,0.13841,0.15364,0.17948,0.16965,0.16285,0.17107,0.16815
0.06803,0.07275,0.12428,0.06254,0.03426,0.22910,0.18083,0.15592,0.07606,0.16928,0.22855,0.06862,0.08717,0.10992
0.19728,0.17834,0.23232,0.17695,0.11109,0.19957,0.22324,0.18001,0.19271,0.16647,0.17639,0.17672,0.15027,0.15111
0.48980,0.48079,0.38254,0.37286,0.34160,0.35943,0.36381,0.34233,0.43110,0.51649,0.45970,0.36952,0.42449,0.19833
0.19728,0.16858,0.19709,0.11069,0.09572,0.13211,0.21009,0.17230,0.15043,0.30959,0.11262,0.12487,0.10833,0.15813
0.10204,0.15468,0.06460,0.13647,0.16934,0.10198,0.17104,0.11505,0.13473,0.15960,0.24383,0.11940,0.12835,0.15604
0.28571,0.28785,0.36104,0.28658,0.12049,0.29803,0.36132,0.23610,0.26270,0.17716,0.16764,0.27228,0.27647,0.26924
0.18367,0.18725,0.21619,0.16957,0.16323,0.10810,0.16496,0.13846,0.18955,0.41290,0.10884,0.17636,0.13355,0.13381
0.21769,0.13221,0.22524,0.08505,0.04513,0.09702,0.10425,0.06181,0.08621,0.04410,0.16666,0.08048,0.11384,0.16012
0.27891,0.28008,0.33774,0.29400,0.28887,0.16252,0.16698,0.32758,0.31864,0.26533,0.08783,0.30644,0.28670,0.18441
